"V1"
0.109726404728445
0.110217403975054
0.109208313635078
0.109809515174672
0.110356192980411
0.109017861190444
0.110941490245856
0.109668065512619
0.10830149231822
0.109264817944949
0.109118781018006
0.110455240167602
0.110040983164198
0.109526346011454
0.110933287136878
0.110261279814523
0.108672305224733
0.109841248254141
0.109678859077064
0.109017861190444
0.110854656019895
0.10890015737017
0.109607405680437
0.109722087302667
0.109413715166469
0.109667040123996
0.109659592564529
0.108383415472359
0.11097117254808
0.109324236517219
0.109750798184091
0.109237780066013
0.109423969052692
0.108968696504396
0.108703228786868
0.108552496659392
0.108949160152751
0.109593805789236
0.109315439762196
0.109431794386915
0.109262875103348
0.110379793152131
0.10998210427015
0.108951156962173
0.109223586528768
0.108888122545813
0.109266598883082
0.109520409551009
0.110674295558016
0.110232568933099
0.109675243232975
0.110299596968304
0.109900666826411
0.109436867362204
0.109670062322041
0.11028011458448
0.109176688491254
0.109088073327159
0.109257910063704
0.10813489365101
0.109841679996719
0.109050727594179
0.109021854809289
0.109741407783023
0.109143983990985
0.109073340111692
0.109411232646647
0.109806492976628
0.109125203188851
0.10887738294919
0.109176526587787
0.108952452189906
0.109246145078458
0.109806492976628
0.109210688219256
0.109757382258402
0.109142850666718
0.108816237406609
0.109502816040964
0.110639810119614
0.108529614302768
0.109210796154901
0.109959167945704
0.109259313227081
0.108754875992738
0.111051746506663
0.109445556181582
0.10917900910761
0.109641567311906
0.109535736412521
0.109826892813429
0.109947888670859
0.108993845509553
0.110415735721733
0.110035856221087
0.109017645319155
0.108391024935293
0.109807302493961
0.109143228441474
0.108732911089092
0.10863296268233
0.109238049905125
0.109340534799531
0.109217919907434
0.109864454417698
0.109956847329348
0.109430822966115
0.108970423474707
0.108528103203746
0.109500441456786
0.109680316208264
0.109469302023362
0.109552358501767
0.10947216231794
0.109865749645431
0.109572056756879
0.109913834975034
0.109868771843476
0.110498144586272
0.110112058786069
0.109767096466403
0.109013004086444
0.109115812787783
0.109064381453202
0.10916179337232
0.108814834243231
0.109293906601128
0.10986547980632
0.109150568065297
0.110375583661997
0.109603573965059
0.110112274657358
0.11070203501864
0.110297600158881
0.109832613402585
0.109829375333251
0.110437754593201
0.109868502004365
0.108121239791986
0.109609834232437
0.109139126886985
0.109693862131643
0.110985743860081
0.110245467242611
0.109785607429426
0.109997647002951
0.110325609458616
0.109353217237754
0.10969089390142
0.110767228147889
0.108737984064381
0.108217788225948
0.109483387624962
0.110745694986821
0.109963323468015
0.110018154775397
0.108452008574408
0.109324830163263
0.109483981271007
0.110220803947854
0.110378875699153
0.109691001837065
0.110185131217363
0.109409235837224
0.109888038356011
0.109644049831728
0.109399143854468
0.109533739603099
0.11004055142162
0.109601253348703
0.110317136510527
0.109954418777348
0.109668659158663
0.108956877551329
0.109815829409873
0.108843653060299
0.110050535468732
0.109046356200579
0.110095274793357
0.109973955128994
0.109876111467299
0.109387270933579
0.109359639408599
0.108927303184749
0.108541379288013
0.108829459523054
0.109705033470843
0.109736982421601
0.108474836963209
0.110428364192134
0.110187991511941
0.109473079770917
0.10933686498762
0.109495638320608
0.109176418652143
0.110027059466064
0.109127038094806
0.108590058263661
0.109916047655746
0.109016673898355
0.108484874978143
0.109718579394222
0.110154477494339
0.109425911894292
0.109183542404677
0.109315862077899
0.109400762889135
0.109795429573071
0.109146088736052
0.109026819848933
0.109942006178236
0.108844948288033
0.109074419468136
0.109412096131802
0.109495638320608
0.108347364967112
0.109353217237754
0.110121880929714
0.110144925189805
0.10923114202388
0.108663562437532
0.108400577239827
0.10995058706197
0.110735441100598
0.110155772722072
0.110083617743756
0.110765177370645
0.108936909457105
0.110266116601686
0.109123584154184
0.109437892750826
0.109577561474746
0.109311823918107
0.110304939782704
0.109427369025492
0.108946515729461
0.110437106979335
0.109751445797957
0.109009604113643
0.109332223754908
0.109525320622832
0.108327450840711
0.11004055142162
0.108945976051239
0.109906657254678
0.109812915147472
0.110054529087577
0.109393801040068
0.109018886579066
0.109382629700867
0.109131301552762
0.109034915022267
0.109214735805923
0.110122852350515
0.110021230941264
0.108868316355056
0.109432388032959
0.109828026137696
0.110735441100598
0.108868208419412
0.109095736757915
0.110436945075868
0.108840414990966
0.11001119292633
0.109094117723249
0.108886287639858
0.108547801458858
0.109466333793139
0.11001022150553
0.111179488341871
0.108462910074497
0.109080409896403
0.109748963278135
0.109629748358839
0.10923502770708
0.109536599897677
0.109495638320608
0.10856118547877
0.109114355656583
0.109877028920277
0.109198545459255
0.109583821742124
0.109228119825835
0.110230680059321
0.109865749645431
0.108871986166968
0.10932499206673
0.109500657328075
0.10930826204184
0.107974825090288
0.109071721077025
0.110261279814523
0.110575102700766
0.11028011458448
0.108908792221726
0.109586196326302
0.109695319262843
0.110377526503598
0.110099646186957
0.108689520960023
0.109844972033875
0.109660671920974
0.109027521430622
0.110775161417756
0.10994378711637
0.109720144461067
0.10957739957128
0.110184429635674
0.108411856514672
0.108934966615505
0.110636841889392
0.108696860583845
0.108708301762157
0.109241665749214
0.108409535898316
0.109969313896282
0.108893249488925
0.109666986156174
0.109271941697482
0.110325015812572
0.109404486668869
0.110224635663232
0.109073178208225
0.109460397332694
0.109337890376242
0.10969089390142
0.109204859694456
0.108795135988118
0.110674997139705
0.110507858794273
0.110125712645092
0.10971102389911
0.108665613214777
0.110634305401747
0.109884476479744
0.108841170540477
0.108664641793977
0.108260368837684
0.108019672350558
0.110106284229091
0.108944896694795
0.109744268077601
0.108398904237338
0.108968696504396
0.109795861315649
0.109540917323455
0.109973955128994
0.109960463173437
0.108949591895328
0.109405080314913
0.109443019693938
0.109124555574984
0.110518166648318
0.10805221494736
0.109123907961117
0.110099268412202
0.109836984796185
0.109719280975911
0.109618037341416
0.109321646061752
0.110460744885469
0.10892708731346
0.109839737155119
0.109612046913149
0.109061305287335
0.110952931424168
0.109541349066033
0.108893411392391
0.109348683940687
0.109425156344781
0.109371188522555
0.109644049831728
0.109330065042019
0.109429203931448
0.109435734037937
0.108999404195243
0.110407100870177
0.109524403169854
0.109137669755785
0.109039934029734
0.108713266801802
0.11040062473151
0.108338298372978
0.110026088045264
0.111292442993789
0.10988026698961
0.11011400162767
0.110299003322259
0.109569790108346
0.109806385040983
0.109021423066711
0.10916519334512
0.109042146710445
0.108880297211591
0.109533739603099
0.109256291029037
0.10986839406872
0.110043519651843
0.111562174169273
0.109289697110995
0.108537007894413
0.110522322170629
0.108809545396653
0.110261279814523
0.109412096131802
0.109816315120273
0.109117755629384
0.109189424897299
0.109985666146417
0.109121371473473
0.109347874423354
0.11070057788744
0.109653008490218
0.109566282199901
0.108241965810305
0.109717284166489
0.109347820455532
0.110156096529006
0.109495908159719
0.109202269238989
0.109109822359516
0.108627511932285
0.108092798749673
0.109601739059103
0.109766880595114
0.108281686127463
0.10969839542871
0.110416005560844
0.109407724738202
0.109305023972507
0.109821765870317
0.109195307389922
0.109185647149743
0.109494612931985
0.109509723922209
0.110718333300953
0.109320350834019
0.109722734916533
0.108828919844832
0.110619895993213
0.110886011324608
0.109927596769702
0.109436057844871
0.109834880051118
0.109731585639378
0.109248087920059
0.109114355656583
0.10949277802603
0.109803470778583
0.109758677486136
0.109660779856618
0.109755277513335
0.109534818959544
0.109620034150838
0.109218351650012
0.109997916842062
0.108428532571739
0.109651821198129
0.109767096466403
0.110181245534163
0.10962203096026
0.109266490947437
0.109487381243807
0.110213842098787
0.108880027372479
0.108937395167505
0.108979004358441
0.109284947942639
0.109872657526676
0.109762347298047
0.108774952022606
0.10872146991078
0.109524888880254
0.110460744885469
0.109634605462839
0.108823684966076
0.109325909519708
0.109367140935888
0.109385220156334
0.109713074676355
0.109815937345517
0.109108365228316
0.109853121175031
0.109331684076686
0.108505112911478
0.109366979032422
0.110039957775576
0.109547069655189
0.108778298027584
0.109957117168459
0.109163088600053
0.108817910409098
0.10923891339028
0.108956877551329
0.110194875846794
0.109325909519708
0.109555380699812
0.109007607304221
0.109388836000423
0.109097085953471
0.109709998510488
0.109319217509752
0.11013558875656
0.108542890387036
0.110149350551227
0.109341344316865
0.10842054533405
0.107896140005483
0.108888662224036
0.110162194892917
0.109513501669764
0.109565958392968
0.109532282471899
0.110153236234428
0.109897158917967
0.109879511440099
0.109886203450055
0.110436729204579
0.110362901223774
0.109109984262983
0.109246630788858
0.110048106916732
0.109436435619626
0.108672682999488
0.109370648844333
0.109863644900365
0.109436543555271
0.110245737081722
0.108746780819404
0.110337914122084
0.109529422177321
0.108857954533189
0.109808165979117
0.109501628748875
0.109737522099823
0.108220756456171
0.108629832548641
0.109599634314037
0.109415280233314
0.108956445808751
0.108423351660806
0.109256668803792
0.109060279898713
0.109546422041322
0.110069532142156
0.109465740147095
0.11021826746021
0.109228119825835
0.10911403184965
0.109260662422637
0.109163466374809
0.10894187449675
0.110135264949626
0.109530015823365
0.109607405680437
0.108589140810683
0.109852851335919
0.109104425577294
0.110336672862173
0.110054529087577
0.109384410639001
0.108743218943137
0.109793648634938
0.108976467870797
0.108815427889275
0.110865557519984
0.109874168625699
0.108560753736192
0.109967532958149
0.10975392831778
0.109946863282237
0.110363656773285
0.109855657662675
0.108518388995745
0.109203456531078
0.109166542540676
0.109492939929496
0.109538542739277
0.108696860583845
0.109961812368993
0.109263037006815
0.110372237657019
0.110571594792321
0.109115381045206
0.107904612953573
0.110432789553557
0.110180058242074
0.109475346419451
0.110046218042954
0.109420838919003
0.109790086758671
0.109748909310313
0.109770496439203
0.110014323060019
0.109609078682926
0.109482254300696
0.110314168280305
0.108860706892123
0.108840954669188
0.108785799554873
0.109288293947617
0.108786717007851
0.109754575931647
0.110209470705187
0.109239561004147
0.10985965128152
0.109081920995426
0.109574053566302
0.109433305485937
0.108937395167505
0.109730830089867
0.109998888262862
0.108207912114481
0.108835611854788
0.109240748296236
0.108969883796485
0.109536761801144
0.109578586863369
0.109981780463217
0.109226932533746
0.110381250283331
0.110317730156571
0.109870768652898
0.108952398222084
0.110157499692383
0.111109060333867
0.108624597669885
0.109696506554932
0.11003180863442
0.109588247103547
0.109400223210913
0.109969313896282
0.109565094907812
0.109222561140146
0.110636841889392
0.108923903211949
0.109818959543562
0.110812561118559
0.109402489859446
0.108084595640695
0.109822629355473
0.110021824587308
0.110470782900403
0.109567307588523
0.110702628664685
0.109590729623369
0.110159442533984
0.110330466562617
0.109056879925913
0.110051021179132
0.10980897549645
0.109485330466563
0.108886773350258
0.108973715511863
0.109461206850028
0.109868232165254
0.110341799805284
0.110286482787503
0.109218513553479
0.108808843814964
0.109289697110995
0.109576050375724
0.11012225870447
0.109254725962192
0.108913649325726
0.109500711295897
0.108423081821695
0.110903388963364
0.109576050375724
0.110381250283331
0.110440452984313
0.109434007067626
0.109117755629384
0.109973253547305
0.110731663353042
0.109293205019439
0.111695744529282
0.109441400659271
0.108529722238413
0.11097651536248
0.108535065052813
0.10911646040165
0.10889870023897
0.108967725083596
0.109500171617675
0.10976871550107
0.109581986836169
0.108255187926751
0.110277038418613
0.109802121583027
0.109983615369172
0.109959167945704
0.109279389256949
0.108730266665803
0.108514287441256
0.110205477086342
0.109848587877964
0.109114301688761
0.109630342004883
0.109614205626038
0.109657325915996
0.108982188459953
0.108130198450476
0.109409073933758
0.108099112984874
0.108949753798795
0.109176796426898
0.10961814527706
0.10873139999007
0.108910627127681
0.109492508186919
0.109353217237754
0.10908154322067
0.108852773622255
0.1105841692949
0.108804223929122
0.110242175205455
0.109175717070454
0.108566150518415
0.110394094625021
0.108996220093731
0.109620789700349
0.109078359119159
0.110181515373274
0.108788336042518
0.109508698533586
0.109748639471202
0.10915332042423
0.108896217719147
0.109621005571638
0.109345068096598
0.109589110588703
0.109740328426579
0.10969186532222
0.110229114992477
0.108892925681991
0.109696236715821
0.109676268621597
0.109267948078638
0.109127955547784
0.109641027633684
0.109205669211789
0.111120609447823
0.109610427878482
0.110633603820058
0.109841248254141
0.109004207331421
0.109316087376063
0.11008345584029
0.109312039789396
0.111368189491773
0.109565742521679
0.109213332642545
0.109626402353861
0.109570761529146
0.109909733420545
0.110112058786069
0.110004554884196
0.110891300171186
0.108657733912732
0.109258611645393
0.109195307389922
0.109218459585657
0.11087134631701
0.108893411392391
0.109966075826949
0.110208607220031
0.109709998510488
0.109249005373036
0.110130111524164
0.108853637107411
0.109218081810901
0.109695373230665
0.109660671920974
0.108696266937801
0.110093062112646
0.108977007549019
0.110045462493443
0.109222237333212
0.109719173040266
0.109260446551348
0.109471514704073
0.110189070868385
0.109004099395776
0.110228791185544
0.109468654409495
0.109526561882743
0.108977007549019
0.108575540919482
0.108411964450316
0.109027521430622
0.109419273852158
0.109124123832406
0.108862487830256
0.110678612983795
0.109786848689337
0.11031211750306
0.10888731302848
0.108709273182957
0.109552250566122
0.110511582574006
0.109733150706223
0.109286081266905
0.109326233326641
0.108359669630579
0.109553599761678
0.109050295851601
0.10766305298129
0.109464067144606
0.109017861190444
0.10916227908272
0.109033727730178
0.108788120171229
0.109020235774622
0.110472240031604
0.109243554622992
0.109455216421761
0.109162494954009
0.109557647348345
0.10905752753978
0.110644613255792
0.109659592564529
0.109479609877407
0.109808597721694
0.110302727101993
0.109717931780355
0.109159580691608
0.109657164012529
0.11042922767729
0.110182486794074
0.1086821813362
0.110363926612397
0.109597367665503
0.110158740952295
0.110149242615583
0.108672844902955
0.10930243351704
0.108996597868487
0.108829891265632
0.109485492370029
0.110043951394421
0.109473025803095
0.109661319534841
0.10848989398561
0.110060357612377
0.10998210427015
0.109314414373574
0.109357858470466
0.108856011691589
0.109796077186938
0.109505082689497
0.110088205008646
0.109666662349241
0.110846398943094
0.110141579184827
0.109943571245081
0.10812593499252
0.108309371620265
0.109622624606305
0.108547207812814
0.109063733839336
0.109449441864783
0.108967563180129
0.10888731302848
0.10917900910761
0.110134941142693
0.108526376233435
0.11001896429273
0.108831996010699
0.109478098778384
0.109105828740672
0.10876000293585
0.108823523062609
0.109256722771615
0.109754683867291
0.11005825286731
0.108743974492648
0.10980897549645
0.110027976919042
0.109961812368993
0.108959737845907
0.109296712927884
0.111013105545949
0.109933695133614
0.108156804586833
0.110176226526696
0.108534633310235
0.109460397332694
0.10930340493784
0.108926871442171
0.108984239237197
0.109928676126147
0.108004561360335
0.108962867979596
0.108566636228815
0.11069474936264
0.10909438756236
0.109164006053031
0.109661697309596
0.109774921800626
0.109003020039332
0.108759733096738
0.109868555972187
0.109937310977703
0.108889795548302
0.109530015823365
0.109140476082541
0.110126252323315
0.109115381045206
0.108698641521979
0.110219940462699
0.10891278584057
0.109080409896403
0.110123985674781
0.11008491297149
0.108775545668651
0.109524619041143
0.109203132724145
0.109513285798476
0.110228791185544
0.109692458968265
0.108702257366068
0.109164329859964
0.109407562834735
0.108979328165375
0.108427938925695
0.109049756173379
0.109708487411466
0.110405427867688
0.110213896066609
0.10908154322067
0.10889217013248
0.109772331345159
0.109358182277399
0.11042922767729
0.109341128445576
0.110359771090085
0.110217026200298
0.109731531671556
0.109385166188512
0.110694533491351
0.1102364546163
0.110517680937918
0.109269405209838
0.109568009170212
0.108714292190424
0.109018832611244
0.109648475193151
0.109590729623369
0.109418194495714
0.109379823374111
0.109669090901241
0.107826143740056
0.109513285798476
0.109104695416405
0.110979051850125
0.10957642815048
0.109034537247512
0.109085536839515
0.109775353543203
0.10834536815769
0.110162896474606
0.109542914132877
0.10908542890387
0.109005016848754
0.110236886358877
0.110405805642444
0.109580907479724
0.109108257292672
0.108795135988118
0.109411880260513
0.109879889214855
0.109117755629384
0.110695882686907
0.109848318038853
0.108562426738681
0.110583629616677
0.108587899550772
0.109305563650729
0.109110416005561
0.10905801325018
0.110086046295757
0.109677671784975
0.109666176638841
0.109582850321324
0.109383169379089
0.110077033669445
0.109644049831728
0.108665613214777
0.109534818959544
0.109964996470504
0.109855387823564
0.108630372226863
0.108430745252451
0.109028870626178
0.110083563775934
0.109054721213024
0.110742187078376
0.109557917187456
0.109579180509413
