"V1"
0.116138483590544
0.118017373321331
0.117694807647888
0.117345473934621
0.117718931264423
0.116818586086232
0.118501140879762
0.117918882045769
0.117418060655515
0.117086320452294
0.117900101243634
0.117882022023189
0.119005524146283
0.116602930668618
0.117249573114526
0.117278823674173
0.117381902214624
0.117533389891611
0.116592460911106
0.118632444591237
0.118968556188058
0.118728399379154
0.117138993046786
0.117329607394887
0.11740629567027
0.116766830944718
0.117427936766982
0.117888228322745
0.11931848354737
0.117380445083423
0.117503221878987
0.117945380246482
0.118474966485982
0.116640168465954
0.119232620742209
0.118642428638349
0.119423343025954
0.119255557066655
0.118490131444028
0.117499713970542
0.116638819270398
0.119131107268602
0.11698075939202
0.118495366322784
0.118208365444188
0.118278199806148
0.118676212495062
0.117548338978368
0.117604087738727
0.120479277435622
0.118031620826398
0.118928943806545
0.117853365109587
0.119677531468637
0.118213816194232
0.117813267017673
0.118026062140709
0.118210955899654
0.119054634864508
0.117817206668696
0.116581559411017
0.118181489468719
0.118558670578254
0.117531339114366
0.118146302448628
0.118098918700714
0.118814801862537
0.11850885827834
0.117570411817658
0.118225041501255
0.118795589317825
0.117322699513642
0.117422809823871
0.117883964864789
0.118013325734664
0.117663074568419
0.118628289068926
0.11737137848929
0.11621015285846
0.11705545085798
0.117085672838427
0.118088017200624
0.118378579955487
0.118157905530407
0.117789467208072
0.118597149635501
0.119071580760687
0.118257961872813
0.117390752937469
0.11826443801148
0.117473431641118
0.11888177592992
0.115758550122075
0.117067755521448
0.11577587379301
0.117665503120419
0.117338997795954
0.118670869680662
0.116912705968194
0.116844544608722
0.118833474729028
0.118197949654498
0.117038774800913
0.118326878781795
0.117629182776062
0.117118701145629
0.11816162931014
0.116093798233741
0.117470031668318
0.11754839294619
0.11751930429001
0.118625806549103
0.118806059075337
0.118276688707125
0.118111601138937
0.117993573511729
0.118427474802424
0.118036693801688
0.118501626590162
0.116667584119645
0.116789119655297
0.117534847022811
0.119277144195545
0.117447311215161
0.115913437771863
0.118175283169163
0.11665317471111
0.116977143547931
0.117846187389231
0.116970883280553
0.11692231224055
0.117315305921997
0.118982048143615
0.117507809143876
0.117963297563461
0.119190741712162
0.116598937049773
0.117185027599144
0.117799235383895
0.117453679418184
0.117618551115083
0.118168860998318
0.117427235185293
0.118066915782134
0.116913623421171
0.118142146926317
0.118030325598665
0.118403944831933
0.117752984960247
0.11697833084002
0.11779718460665
0.117259017483416
0.118743456401555
0.118215920939299
0.118464064985893
0.117767340400959
0.118395309980377
0.117790762435805
0.11845041112687
0.117166084893543
0.118487433052917
0.118982479886193
0.118045058814133
0.118949505546813
0.1185840354547
0.119501056689959
0.118038096965066
0.118672164908395
0.119860212546871
0.117273211020661
0.118243714367745
0.115948624791954
0.117781479970382
0.118726240666265
0.118947562705213
0.115932380477464
0.117296902894618
0.117246335045193
0.116159800880323
0.116637847849598
0.116477293578477
0.118599416284035
0.117123450313985
0.11901345741615
0.117684985504243
0.119248972992343
0.116267088910908
0.116590733940795
0.118575184731855
0.116859061952901
0.117967561021417
0.118332437467484
0.119639268282679
0.118030379566487
0.117810082916162
0.117575053050369
0.118462391983404
0.117097815598428
0.116794408501875
0.118348411942863
0.119228735059008
0.118177441882052
0.116911248836993
0.118045274685422
0.117590164040592
0.116819287667921
0.118559749934699
0.118512689993718
0.116263149259885
0.117465444403429
0.116137026459344
0.117732639091268
0.118122232799915
0.116439408167274
0.116848969970145
0.117337648600398
0.117332197850354
0.119431923909688
0.118357964247397
0.118379389472821
0.118482521981094
0.117648287385129
0.117487733114008
0.117604735352593
0.117477641131252
0.118047757205244
0.117348927875244
0.11725669686706
0.118530877149808
0.116102325149653
0.117298683832752
0.118523321654697
0.118607619393013
0.118003557558841
0.119489615511647
0.116194124415259
0.116694999773335
0.119994700359857
0.117902745666924
0.118076629990135
0.116317764695978
0.117978948231906
0.11807992202729
0.117531285146544
0.117335489887509
0.118689542547152
0.118218781233877
0.119024197012773
0.116600232277507
0.115969348435689
0.116496398187545
0.118302215487038
0.119005793985394
0.116988854565354
0.117123126507051
0.118716526458265
0.117416927331248
0.117903339312968
0.116950591379396
0.119231325514475
0.117708245635622
0.117076066566071
0.116014465535069
0.117824060582119
0.117554059567523
0.118059468222667
0.120278031426542
0.118469137961182
0.117324372516131
0.117036831959313
0.116659165139377
0.118296764736993
0.118464064985893
0.119460041145068
0.118285701333437
0.11793005338497
0.118352513497352
0.117333115303332
0.117303163161996
0.117272779278083
0.118750472218444
0.116940769235751
0.117497339386364
0.117771927665849
0.118391640168466
0.117472244349029
0.118487702892028
0.11813809933965
0.117959249976794
0.118072258596534
0.119166672063449
0.11848289975585
0.117574297500858
0.118055312700356
0.118399033760111
0.117258100030438
0.116269841269841
0.117868368164166
0.116982162555398
0.118188613221253
0.118360986445442
0.117128145514518
0.118798989290625
0.117859625376965
0.116697752132269
0.117083729996827
0.11709786956625
0.11784446041892
0.117123018571407
0.116583070510039
0.118003071848441
0.119053231701131
0.117014273409622
0.118797424223781
0.117768689596515
0.118450734933803
0.118533089830519
0.116319275795
0.116908118703304
0.117769337210382
0.116466661917498
0.11835197381913
0.117990659249329
0.117265007911683
0.117859949183899
0.116751935825783
0.118981562433215
0.116592137104173
0.117440781108672
0.11798850053644
0.118869795073385
0.115905342598529
0.11738956564538
0.117596154468859
0.118008090855908
0.118996187713038
0.116806281422764
0.118507239243673
0.117533335923789
0.117346553291066
0.117933561293414
0.119388695684085
0.117768905467804
0.117704899630644
0.119060517357131
0.118193308421787
0.11833232953184
0.115853695392659
0.118655003140927
0.118993651225393
0.119127869199269
0.117433387517027
0.118799528968848
0.118650523811683
0.118535140607764
0.11795844045946
0.11677417056854
0.119411739944176
0.118653438074083
0.118370376846509
0.118999317846727
0.11681853211841
0.117751365925581
0.11831754234855
0.117887958483634
0.118209013058054
0.116578213406039
0.11780954323794
0.116479452291366
0.11747710145303
0.117289293431684
0.117784394232783
0.118095734599203
0.118257907904991
0.117604249642193
0.117487193435786
0.117909113869946
0.116976010223664
0.11750451710672
0.11670919331058
0.117195443388834
0.117678995075976
0.117103320316295
0.119062730037842
0.116977575290509
0.116980003842509
0.117991576702307
0.117973659385328
0.117980567266573
0.117593132270815
0.118968610155881
0.118268431630325
0.117080491927493
0.11883498582805
0.116329583649045
0.116935966099573
0.117309585332841
0.118486947342516
0.118090229881336
0.119142818286025
0.117587897392059
0.116179876910191
0.115814568721545
0.118668279225195
0.116826627291744
0.117797994123984
0.118409233678512
0.11729792828324
0.118222828820544
0.118566280041188
0.119596471799654
0.119423936671999
0.118147111965961
0.118343338967574
0.117298683832752
0.117135161331408
0.11740316553658
0.117402949665292
0.117118863049096
0.117580773639525
0.11759809731046
0.1175404057085
0.118065512618756
0.118043925489866
0.11719824971559
0.117829565299986
0.116874442782236
0.119773594192199
0.118222505013611
0.116792951370675
0.116956473872019
0.118104369450759
0.117283788713817
0.116939743847129
0.118144683413961
0.117190424381367
0.118366707034598
0.117841762027809
0.118787979854891
0.117762375361315
0.119322747005326
0.119132834238913
0.118978378331704
0.118586787813634
0.117343692996488
0.117874682399366
0.118037071576443
0.117594805273304
0.117737064452691
0.116923661436105
0.116903531438415
0.117107367902962
0.118430173193535
0.119057009448686
0.116024719421292
0.11740629567027
0.117343585060843
0.116522680516969
0.118691161581818
0.117111793264384
0.11906996172602
0.118026493883287
0.118465791956204
0.11749528860912
0.116829811393255
0.117971176865506
0.118393043331844
0.118293256828549
0.116607409997863
0.117365118221911
0.117902961538212
0.117863241221054
0.117534847022811
0.116747510464361
0.1192770362599
0.118722624822176
0.118839249286006
0.117198141779945
0.118600819447413
0.117586116453926
0.119120691478913
0.117019292417089
0.116348040644246
0.116754958023828
0.118274529994236
0.116111067936853
0.11675501199165
0.117948510380171
0.118388779873888
0.117908358320435
0.118593156016657
0.117282385550439
0.118235295387478
0.1178784061791
0.116729431243915
0.118913670912855
0.116861490504901
0.116692733124802
0.116552470754837
0.117962757885239
0.117925951830481
0.117892545748523
0.11966814106757
0.119289988537235
0.117503599653742
0.118640539764571
0.118002586138041
0.117574189565214
0.118165137218585
0.117729886732335
0.11683067487841
0.1178842347039
0.119194843266651
0.116696295001069
0.116984213332643
0.117296525119863
0.117800314740339
0.118674107749995
0.118743888144133
0.118064703101423
0.118749392862
0.116656196909155
0.117094415625627
0.119263706207811
0.117881104570211
0.119118586733846
0.116476861835899
0.117418762237204
0.117508618661209
0.11852461688243
0.11838009105451
0.117205373468123
0.119010435218106
0.116103296570453
0.118412093973089
0.117433873227427
0.117559024607168
0.117557405572501
0.117982456140351
0.118353161111219
0.118021690747109
0.11851274396154
0.116938664490684
0.116717558323025
0.116958902424019
0.117149678675586
0.118006309917775
0.116409671897228
0.119699388436639
0.118078680767379
0.117224532045013
0.11837550378962
0.117409641675248
0.116657438169066
0.115880085657727
0.119088526656866
0.118456185683848
0.117336299404843
0.118454674584826
0.117570249914191
0.118224555790855
0.118877620407608
0.117478882391163
0.11950035510827
0.118856896763874
0.116780484803741
0.11687649355948
0.116571305524794
0.117620925699261
0.117812349564696
0.11741066706387
0.118281761682414
0.118697637720486
0.116614803589508
0.116756684994139
0.118045814363644
0.117474618933207
0.117761889650915
0.11867567281684
0.118098432990314
0.11773582319278
0.117256319092304
0.116915512294949
0.117885745802922
0.116042474834804
0.116667098409244
0.118304482135571
0.116765103974406
0.118097947279914
0.119158684825759
0.117691623546377
0.116718691647292
0.117045358875224
0.117275261797906
0.116894302940815
0.116866293641079
0.118643454026971
0.117385625994357
0.117513691636499
0.117560643641835
0.117532472438633
0.11776323884647
0.117183300628833
0.118038150932888
0.117452923868673
0.117719902685223
0.116985184753443
0.117731074024424
0.118728669218265
0.119245033341321
0.118259634875302
0.118700444047241
0.117466145985118
0.117514770992943
0.117404946474714
0.1184050781562
0.116610108388974
0.117364038865467
0.117863187253232
0.116973905478597
0.118823544649738
0.118114731272626
0.117899237758479
0.116906283797349
0.118590457625545
0.11884227148405
0.116633206616887
0.11937644498844
0.117987637051285
0.117807060718117
0.117634093847884
0.118491426671761
0.1171931767403
0.117156856395942
0.117267328528038
0.119119450219001
0.119500570979559
0.116423109884962
0.118753008706089
0.117410397224759
0.118876487083341
0.116663212726044
0.118252511122768
0.118415439978067
0.117118539242162
0.118153048426406
0.118150350035295
0.118197787751031
0.117071911043759
0.118308421786594
0.118213222548188
0.118883017189831
0.117149300900831
0.117451466737472
0.117884612478656
0.116358240562647
0.117715315420334
0.118703790052219
0.117933885100348
0.119361711772972
0.117918936013591
0.119070447436421
0.118227146246322
0.115985970524934
0.118502220236206
0.118243120721701
0.11829741235086
0.118169724483474
0.117765883269759
0.119102126548067
0.117869771327544
0.118772760929024
0.11850254404314
0.117648125481663
0.117283950617284
0.118186292604897
0.116708167921958
0.11767861730122
0.117313309112575
0.118576372023944
0.117986179920084
0.117620547924505
0.118308691625705
0.119023171624151
0.118838493736495
0.116160556429834
0.117457457165739
0.119360146706128
0.118073931599023
0.118695748846708
0.118436055686158
0.117498148903698
0.117257614320038
0.116857712757346
0.119306826497769
0.116710758377425
0.118675564881195
0.117477533195607
0.117256103221015
0.118962835598903
0.117057015924825
0.117905713897146
0.118139610438672
0.118261631684724
0.118286187043837
0.118900124989476
0.11778045458176
0.118600063897902
0.115464803265701
0.117686496603265
0.117120050341185
0.118995594066993
0.117267868206261
0.118977622782192
0.119568678371208
0.116985724431665
0.11772880737589
0.118586733845812
0.116855230237523
0.118069830044534
0.117683312501754
0.11645311599412
0.115822987701813
0.117645588994018
0.115715159993006
0.116858090532101
0.118254993642591
0.119010597121572
0.118035506509599
0.118372751430687
0.119261115752344
0.119123443837846
0.118077061732712
0.118325799425351
0.119834955606069
0.117557027797746
0.116990365664376
0.117951424642571
0.117235703384214
0.117581745060325
0.118030649405598
0.117763022975181
0.118493531416828
0.117707921828689
0.118564229263944
0.11826589514268
0.117640192211796
0.118257476162413
0.116976280062775
0.117477749066896
0.116648857285332
0.11760878293926
0.117781749809494
0.116839309729967
0.117818393960785
0.116601257666129
0.1182227208849
0.118906061449921
0.118887550486898
0.118423804990512
0.11745141276965
0.11724433823577
0.117508456757743
0.117003371909533
0.117501818715609
0.117668795157575
0.118890410781476
0.116126610669654
0.117443209660672
0.115791686364922
0.118756840421467
0.117065003162514
0.119296572611546
0.118550953179676
0.118681069599062
0.117756276997403
0.116951778671485
0.118905413836054
0.117719956653045
0.116650530287821
0.117386219640402
0.118390075101621
0.118502705946606
0.117199598911145
0.118263790397613
0.118588514783945
0.117780508549582
0.11849261396385
0.116336653433757
0.118661749118705
0.116623006698486
0.117532040696055
0.118943191311612
0.118839087382539
0.117985154531462
0.118758081681378
0.118350084945352
0.116785341907741
0.119987576607324
0.117552494500679
0.118295145702326
0.116276533279797
0.118438646141625
0.117700042526644
0.11732021699382
0.117652766714374
0.117709972605933
0.119727775511129
0.117383359345824
0.11829158382606
0.117282655389551
0.119197217850829
0.117373753073467
0.11973360403593
0.11887573153383
0.117471272928229
0.119029323955885
0.118500277394606
0.118277606160103
0.118867150650096
0.117116596400562
0.117531447050011
0.117358857954533
0.117307642491241
0.11494320426389
0.117538624770367
0.118350246848819
0.117824708195985
0.119941542054965
0.117679858561132
0.11635807865918
0.116105077508586
0.117214116255324
0.117763292814292
0.119505212212271
0.118664339574172
0.118663260217728
0.117878028404344
0.119196084526562
0.118481388656827
0.117223830463325
0.117714883677756
0.11682290351201
0.116783560969607
0.118732770772754
0.116035243146626
0.118714637584487
0.119400460669331
0.116967537275575
0.117738521583891
0.117139208918075
0.117446447730005
0.116378316592515
0.117721629655534
0.117641433471707
0.119224363665408
0.116367361124603
0.117729886732335
0.11604042405756
0.117188373604122
0.118391586200644
0.116954153255663
0.11658576890115
0.116609352839463
0.117076660212115
0.118466007827493
0.118235727130056
0.118219482815566
0.118679180725284
0.117557459540324
0.115350283546938
0.117590164040592
0.116253974730107
0.116421976560695
0.11704670807078
0.116432662189496
0.118650146036927
0.119863450616205
0.117507755176054
0.118930185066456
0.117330632783509
0.118203832147121
0.116746323172272
0.119465114120357
0.117334680370176
0.118668818903417
0.116691923607468
0.118396227433355
0.116776922927474
0.118858461830718
0.117738683487357
0.117642135053396
0.118218943137344
0.119571052955386
0.118729100960843
0.117381308568579
0.117377584788845
0.118941086566546
0.118618520893103
0.117690706093399
0.118018344742131
0.11745529845285
0.117867396743366
0.116962734139397
0.117477371292141
0.116303787030021
0.117463663465295
0.118857004699518
0.117830266881674
0.118197895686676
0.118249866699479
0.116497423576167
0.118770926023068
0.119423396993776
0.118197895686676
0.118485544179139
0.119044650817397
0.117650985776241
0.118830020788405
0.117473431641118
0.117055882600558
0.117749962762203
0.118181219629608
0.118033239861065
0.118315059828728
0.119880990158428
0.118614635209902
0.117261500003238
0.117327340746353
0.118687869544663
0.116978492743487
0.118729640639065
0.11786750467901
0.118649066680482
0.118142632636717
0.117444828695339
0.118515442352652
0.116941093042684
0.117000187808021
0.11893536597739
0.118408694000289
0.116969480117175
0.115267712778933
0.117961192818394
0.118105340871559
0.115043206638474
0.117261661906705
0.117422971727337
0.116922420176194
0.118483061659316
0.116519766254568
0.117553897664057
0.118453487292737
0.118032538279376
0.117424428858537
0.117728375633312
0.118225797050766
0.11671718054827
0.118210470189254
0.118046623880977
0.117500037777476
0.11762842722655
0.115886615764217
0.118516143934341
0.118132972396538
0.117533443859433
0.11830928527175
0.118065728490045
0.116850966779567
0.117129224870963
0.118841839741473
0.11832892955904
0.118188613221253
0.117768203886115
0.117513044022632
0.118040579484888
0.118322777227306
0.117688601348332
0.117335274016221
0.119211951066296
0.117947107216793
0.116510375853501
0.11912765332798
0.117541754904056
0.117673382422464
0.117456269873651
0.120031776253726
0.118599578187501
0.116389541899538
0.117404244893025
0.116768557915029
0.117761349972692
0.118401246440822
0.118514147124918
0.116584527641239
0.118648419066616
0.117565338842369
0.119048698404064
0.118729208896488
0.11673342486276
