"V1"
0.0968033779539288
0.0965803829124923
0.0978916930569317
0.0969176278335805
0.0983665559246955
0.0969801765395401
0.0964287333320381
0.0982763756937564
0.096704670807078
0.0978427982099953
0.0971587560632848
0.0974800804768165
0.0970396490796328
0.0973971319340556
0.0977626559939901
0.0972998279505827
0.0970522235822113
0.0967984668821062
0.0967064517452114
0.0980087492633392
0.0968232020344632
0.0977301673650103
0.0971873590090644
0.0983230038921593
0.0978947152549764
0.0969682496508282
0.0966557219923193
0.0974090048549453
0.0971577846424848
0.0969450434872711
0.0968415871720645
0.097001439861497
0.0976374506464266
0.096682436064321
0.0970788836863908
0.0970865471171469
0.0979641718421808
0.097102359689059
0.0962578094979038
0.098260023443622
0.0972977232055159
0.0971379244839057
0.0971930256303981
0.0968887550486898
0.0981876525940173
0.0968259904714413
0.0974118651495232
0.098688096209516
0.0975084675513072
0.0971430514270172
0.097913280185822
0.0976999453845639
0.0972628060245359
0.0973664242432092
0.0965022914737317
0.0970175762403425
0.097571070225089
0.0980084794242281
0.0968377554566865
0.0974344776670358
0.0981094532196123
0.0972045207765322
0.0975287054846418
0.0964566346961288
0.0972153683087996
0.097352014834675
0.0985236022873722
0.0976032350471355
0.0981849002350838
0.0963114612543417
0.0974147794119234
0.0966283063386287
0.0978781471335531
0.0967277690349906
0.0976560695450944
0.0972019842888876
0.0968419109789979
0.0967694321937488
0.0978513790937292
0.0981813383588169
0.097172895632708
0.0964877201617308
0.0956396698032765
0.0974809979297943
0.0974526108553036
0.0975853177301566
0.0975630290195774
0.0981470687917036
0.0968716472490442
0.0975124072023297
0.0973456466316523
0.0960731393513931
0.0967396959237024
0.0973007993713828
0.0963294325391429
0.0969434244526044
0.0973112151610724
0.0967648988966818
0.0979015152005768
0.0978330840019947
0.0968544315137542
0.0977350784368328
0.0971646925237297
0.0969970145000745
0.0973072755100499
0.0973113230967168
0.098054621912231
0.0968042414390844
0.0972484505838239
0.097401287456367
0.0977900716476808
0.0974140778302345
0.0964175619928374
0.0969018692294906
0.0961531196639316
0.0977297356224325
0.0967908034513502
0.0977508910087449
0.0968301999615749
0.097801836632926
0.0977678369049238
0.0961499355624203
0.0976893137235855
0.0972814249232038
0.0968275555382859
0.0959467467117406
0.0972326380119118
0.0969335483411371
0.0977894780016363
0.0971391657438169
0.0975161309820633
0.0976554219312277
0.0970056493516306
0.0969585894106498
0.0973958367063222
0.0980770725262769
0.096675744054365
0.0970969089390142
0.0968141715183739
0.0976777646096292
0.0970594013025674
0.0973131040348503
0.0968788249694002
0.0987709368166324
0.096560468786091
0.0969933986559854
0.0956903455883464
0.098675413771293
0.0968033779539288
0.0965682941203137
0.0965454657315122
0.0969958272079855
0.0977195357040318
0.097202971953618
0.0977546147884785
0.0981534854500353
0.0974020969737004
0.096947148232338
0.0964476220698171
0.0966126556701832
0.0973828844289881
0.0971556259295957
0.0967833019240608
0.0968244254045968
0.097139435582928
0.0966796837053875
0.0975620036309551
0.0973262721834733
0.0986749820287152
0.0976744186046512
0.0973787289066767
0.0976409585548712
0.0982020080347294
0.0968669520485106
0.0974741440163717
0.0962484808058044
0.0967080707798782
0.0972800757276481
0.0971720861153746
0.0966249063658284
0.0970207603418538
0.0970330650053212
0.0972651266408916
0.0972899518391154
0.0970268587057653
0.0972175809895108
0.0980935327120558
0.0989753669272233
0.0975535846506879
0.0969288531406034
0.0962868326510873
0.0964296507850159
0.0971669591722631
0.097505553288907
0.0969275039450478
0.0968033779539288
0.0970242682502984
0.0964855614488417
0.0969468783932268
0.0976827836170961
0.0971125056396374
0.0963551212225223
0.0976812725180738
0.0963212294301646
0.0968191905258409
0.0959055692633824
0.0975043659968181
0.0973038215694274
0.0984241395910103
0.0967852447656609
0.0970844963399023
0.0969449355516267
0.0971242166570604
0.0966154619969389
0.0965431990829788
0.0973960525776111
0.0967836796988164
0.0972550886259577
0.0978049667666151
0.0980317395556074
0.0972791582746703
0.0973318848369848
0.0959989335958328
0.0964630568669736
0.0962727123579837
0.0964413618024389
0.0978121984547933
0.0976812725180738
0.0969972561515312
0.0979635242283141
0.0976120857699805
0.0978593123635963
0.0967997081420174
0.0997181132857531
0.0973639956912091
0.0975315657792198
0.0972204412840888
0.0972106731082659
0.0981227293038799
0.0974088429514786
0.0977679988083905
0.096871593281222
0.0980816058233439
0.0982335252429092
0.0974387411249916
0.0973240595027621
0.0960128033261448
0.097947711656402
0.0974809439619721
0.0978668678587079
0.0974465124913921
0.0970441284088775
0.0979027024926658
0.0980270443550737
0.0968505997983762
0.0978676773760413
0.0972767836904924
0.0970564330723449
0.0971332292833721
0.0968242095333079
0.0970565410079894
0.0974326967289024
0.0984103238285205
0.0981086976701012
0.097111696122304
0.0965850781130259
0.0979569941218248
0.0973441895004522
0.0964861550948862
0.0968354348403308
0.0971534672167067
0.0980068603895613
0.0966743408909872
0.0979899144933825
0.0969876240990072
0.097814519071149
0.0978396680763062
0.0969797987647845
0.0974303221447244
0.0958823091320031
0.0972050604547545
0.0968463903082426
0.096379676581635
0.0969317134351814
0.0966359158015625
0.0964032065521254
0.0968922629571344
0.0971605909692405
0.098078043947077
0.0972606473116469
0.0965839987565814
0.0975981081040241
0.0972471013882683
0.0971903812071091
0.0969152532494026
0.0968547553206876
0.0980016794786277
0.0972232476108445
0.0975895811881124
0.0968850312689562
0.0980072381643169
0.0973146691016948
0.0967059660348114
0.0985200943789275
0.097030150742921
0.0982779947284231
0.0975501307100654
0.0970298809038099
0.0971242166570604
0.0979678416540922
0.0967653306392596
0.0978609313982631
0.0976800852259849
0.0972190920885331
0.0964929550404867
0.0979110675051107
0.0960751901286377
0.0971883304298645
0.0975523973585989
0.097488337553617
0.0966292777594287
0.0980310919417407
0.0975750098761115
0.0969710559775839
0.097389576438944
0.0970655536343011
0.0977759860460799
0.0965798972020922
0.0970325792949212
0.0967399657628136
0.0981355196777473
0.097069601220968
0.0964388253147943
0.0977259578748767
0.0980116095579172
0.0983177690134034
0.0963887431757689
0.0959927272962769
0.0976777646096292
0.0966552902497415
0.0972325840440895
0.0968855709471785
0.0973839637854326
0.0980068603895613
0.0979320609879565
0.0973178532032061
0.097415642897079
0.0962228460902471
0.0967393181489469
0.097212130239466
0.0952461915125136
0.0982152301511747
0.0965286277709778
0.0980832788258329
0.0967138993046786
0.0982143666660191
0.0979842478720488
0.0971137468995486
0.0972858502846263
0.0983621305632729
0.0979480354633353
0.0971682004321743
0.0965043422509763
0.0973861224983216
0.0976907168869633
0.0974945978209952
0.0976580663545168
0.0972247047420446
0.0975353974945978
0.098184468492506
0.0962081128747795
0.0965598751400465
0.0970516839039891
0.0977723702019908
0.0981912684381065
0.0979617972580029
0.0974812677689055
0.0977613067984345
0.0970456395078998
0.0971343626076388
0.0959636926079195
0.0976869391394075
0.0976623837802948
0.0983090801940251
0.0967680290303709
0.0969682496508282
0.0977090119786978
0.097567724220111
0.0963492387298997
0.0971342546719944
0.0966827059034321
0.0987309466603632
0.0972690123240919
0.0977190499936318
0.0964174540571929
0.0975930351287348
0.0966162715142723
0.0976069048590468
0.0975504545169988
0.0976650821714061
0.0985396846983954
0.0982696836838004
0.0977666496128348
0.0972064801801393
0.0975082416336893
0.096634134863429
0.0980916978061001
0.0976382061959377
0.0964218794186154
0.0974425728403697
0.0976084699258914
0.0976011303020687
0.0974836423530834
0.0974625409345932
0.0972762979800924
0.0979923970132048
0.0979914255924048
0.0978188904647493
0.0962950010685629
0.0971951843432872
0.0965368848477784
0.0968929645388234
0.0985802685007091
0.0966272269821841
0.0964174540571929
0.0965536148726683
0.0971379784517279
0.0965418498874231
0.0966891517000326
0.0970600489164341
0.0970706266095903
0.0986935469595608
0.0959820956352984
0.097511058006774
0.0974997247641066
0.0973039295050719
0.0982471791019323
0.0973295102528069
0.0972983168515604
0.0966072049201384
0.0961176088369071
0.0969926431064742
0.097116715129771
0.0978396680763062
0.0972272951975114
0.0971626417464851
0.0964716917185297
0.0982130714382856
0.0976927676642079
0.0970633949214121
0.0970541124559892
0.0967613909882372
0.0976165650992252
0.0974051731395673
0.0966283063386287
0.0967617147951705
0.0967487625178364
0.098687610499116
0.0974364205086359
0.0964465966811948
0.0970395411439883
0.0970499029658556
0.0967984668821062
0.097910419891244
0.0959531149147632
0.0976127873516694
0.0969473101358046
0.0966721821780981
0.0977073929440311
0.0963571719997669
0.0969856272895849
0.0983278609961596
0.0969512497868271
0.0982305570126868
0.0973030660199163
0.0971342546719944
0.0972136413384883
0.098861224983216
0.0971912446922647
0.0979851653250266
0.096317505650431
0.0974342617957469
0.0971136929317264
0.097477813828283
0.0958610458100462
0.0972279967792004
0.0958925090504038
0.0965414181448453
0.0966446046209408
0.0985169102774162
0.0970649060204344
0.0971851463283532
0.0980978501378338
0.0972100794622214
0.0967153024680564
0.0980671964148096
0.0970671187011456
0.0960551881812706
0.097928822918623
0.0969724591409618
0.0972652885443583
0.0972719265864921
0.0972290221678227
0.0989482211126438
0.0969147135711803
0.0983244070555372
0.0962731980683837
0.0969618814478056
0.0964389332504388
0.0968148731000628
0.0956626600955446
0.0975149436899743
0.0965049358970208
0.0967552926243257
0.0962672616079389
0.0975379879500647
0.0976276824706037
0.0979572099931137
0.0973298880275624
0.0973823447507658
0.0974299983377911
0.0973896843745885
0.0974554711498816
0.0966894518812104
0.0967936637459281
0.097786779610525
0.0968033779539288
0.0978001096626148
0.0982865216443348
0.096392359019858
0.0976335649632263
0.0973450529856079
0.0962293041621599
0.0991916159908816
0.0960356317149463
0.0977751225609243
0.0968979835462904
0.0979207817131114
0.0982354680845093
0.0969229706479808
0.0976534790896276
0.0964088192056368
0.0970396490796328
0.0962556585261604
0.0969682496508282
0.0976972469934526
0.0971001470083477
0.0971350102215055
0.0972467775813349
0.0979016231362213
0.0977134913079425
0.0962835059224288
0.0981064310215677
0.0978032937641261
0.0972420823808013
0.096504288283154
0.0968719710559776
0.0966757980221872
0.0968094763178402
0.0973450529856079
0.0974387950928139
0.0969032184250462
0.0962202016669581
0.0970969089390142
0.0961800496072222
0.0969360308609595
0.0974831026748611
0.0981378942619253
0.0969424530318043
0.096607096984494
0.0966837312920544
0.0966706171112536
0.0982252681661086
0.0966505511443856
0.0974090048549453
0.096382321004924
0.0975475402545986
0.0966755821508983
0.098494621566837
0.097055731490656
0.0966884264925881
0.0962649949594054
0.0957308214550157
0.0966062334993383
0.0983840414990966
0.0986897152441828
0.0962088684242907
0.0979491687876021
0.0971050041123481
0.0971391117759947
0.0972635615740471
0.0977633575756791
0.0981869510123284
0.0987453021010753
0.0959743242688979
0.0977887764199474
0.0974362586051693
0.0981064310215677
0.0977093357856312
0.0970415379534107
0.0979247213641339
0.0987138928285399
0.0970923756419472
0.0970004144728747
0.0968949613482457
0.0981962874455734
0.0968223746273522
0.0966705091756091
0.0974508838849924
0.0979192166462668
0.0981171166503684
0.0969843860296737
0.096827825377397
0.0976560155772722
0.096802730340062
0.0972762979800924
0.097172895632708
0.0979899684612047
0.0972829360222261
0.0962614870509607
0.0970488236094111
0.0968231841446856
0.0972707932622253
0.097369716280365
0.0964973264340869
0.0982603472505553
0.0965801670412034
0.0973716051541429
0.097296050203027
0.0967990065603285
0.0963371499377211
0.0961837733869558
0.0962711472911391
0.0983876033753635
0.0975663750245554
0.0970330650053212
0.0981276943435246
0.0974071159811674
0.0969463926828268
0.0981648781730381
0.0981050818260121
0.0977250404218988
0.0978264999276831
0.09755266719771
0.0971904891427535
0.0970685218645235
0.0961721703051772
0.098308324644514
0.097597136683224
0.0968968502220236
0.0970589155921673
0.0972880629653375
0.0971232992040826
0.0975817018860674
0.0986346140976904
0.0973643734659647
0.0970565410079894
0.0976881264314965
0.0969814717672735
0.097112883414393
0.0971566633635365
0.0978918009925762
0.0962627822786942
0.0984869041682587
0.0974314015011689
0.0962665060584277
0.0976349681266042
0.0976212602997589
0.097442896647303
0.0976250920151369
0.0968482252141983
0.0970622615971453
0.0979374577701791
0.0973961065454333
0.0983512290631834
0.0972095937518214
0.0968004097237063
0.097891747024754
0.0959876823093781
0.0968245333402412
0.0977811669570136
0.0976316221216262
0.0959732449124534
0.0969984716312746
0.096682436064321
0.0980200825060066
0.0973990747756558
0.09845517108879
0.0983942953853195
0.0964711520403075
0.0979535401812024
0.0969040819102019
0.0964305682379938
0.0977732336871464
0.0970139064284311
0.0976350220944264
0.096856536258821
0.0976250920151369
0.0974140778302345
0.0970655536343011
0.0972522822992019
0.0986399569120907
0.0977502973627005
0.0962930937699708
0.0972170952791108
0.0972361998881787
0.0971962097319094
0.0972801836632926
0.0976187238121143
0.0976431712355825
0.0980752376203213
0.0968994946453127
0.0965624655955133
0.0980200825060066
0.0973172055893394
0.0983037373796248
0.0964635425773737
0.0969794749578511
0.097861632979952
0.0977097135603868
0.098653880610225
0.0969303642396258
0.0977882907095473
0.0979748574709815
0.0985698527110196
0.0976957358944303
0.097219307959822
0.097880521717731
0.0975693972226
0.0971355498997278
0.0965907447343596
0.0977177007980762
0.0966881566534769
0.0976805169685627
0.0969926431064742
0.0976690757902508
0.0978513790937292
0.098519015022483
0.0980212697980956
0.0973779733571655
0.0982914327161573
0.0964549077258176
0.0953328345349839
0.097714786535676
0.096884275719445
0.0965321896472447
0.0972469934526238
0.0969140659573136
0.0976520219584275
0.0982574329881551
0.0982298554309978
0.0976522917975386
0.0972842312499595
0.0966624679700975
0.0974259507511241
0.0976484600821606
0.0978677853116858
0.0974800265089943
0.0969424530318043
0.096095104255039
0.0969424530318043
0.0989189265042736
0.0973505577034749
0.0970231888938539
0.0976392855523822
0.097498861278951
0.0976923898894523
0.0979247213641339
0.0969853574504737
0.098675413771293
0.0972361998881787
0.0968297682189971
0.0977294118154991
0.0977103072064312
0.097090648671636
0.0971725178579524
0.097635885579582
0.0966178905489391
0.0967297658444129
0.0967845971517942
0.0976105746709582
0.0973727924462319
0.0971575148033736
0.0969797447969623
0.0971355498997278
0.0970188175002537
0.0977271991347879
0.0977478148428781
0.0983291022560708
0.0979267721413784
0.0964157270868817
0.0973178532032061
0.0983919747689637
0.0971256198204383
0.0966952264381885
0.0964210159334598
0.0968649948078247
0.0972276190044448
0.09854222118604
0.0966879947500102
0.0972175809895108
0.0972930819728045
0.0973218468220508
0.0966410427446739
0.0948679335716877
0.0970069985471862
0.0971963176675539
0.0972480728090683
0.0974706900757492
0.0973099199333389
0.0957280151282599
0.0976554219312277
0.0960195847311633
0.0973536338693417
0.0964611140253735
0.0991153594580767
0.0964238222602156
0.0969651195171391
0.0973099199333389
0.0975594131754882
0.0959275881348505
0.0979116611511552
0.0972118604003549
0.0963388769080323
0.0972832058613372
0.0969424530318043
0.0970754297457684
0.0976250920151369
0.0969507640764271
0.0983536702526139
0.0974178016099681
0.0980477679988084
0.0974478616869478
0.0966284682420953
0.0972325840440895
0.0963071977963859
0.0973896843745885
0.0964770345329301
0.0971793178035528
0.0978397220441284
0.097298208915916
0.0983720606425625
0.0972190920885331
0.0983328260358044
0.0971675528183076
0.0969840622227403
0.0980487933874307
0.0956279587858535
0.0981064849893899
0.0975693432547778
0.0964480538123949
0.0975471085120208
0.0964142159878594
0.0973412212702298
0.0965473006374679
0.0975325911678421
0.0969150373781137
0.0984703360468354
0.0975888256386012
0.0976226634631367
0.0969671163265615
0.0973615671392089
0.0964973264340869
0.0968301999615749
0.0987256038459629
0.0974037699761894
0.0971161214837265
0.0969074818830021
0.0960776186806379
0.0972686345493363
0.0985315895250616
0.0978395601406617
0.0968146572287739
0.0986195570752894
0.097781760603058
0.096317505650431
0.0968597743281546
0.0973394942999186
0.0975373943040202
0.0968922629571344
0.0974410077735251
0.0967005152847666
0.0962420586349595
0.0977611988627901
0.0967908034513502
0.0964870725478641
0.097247749002135
0.0977815986995914
0.0979330863765788
0.0981399450391698
0.0968999803557127
0.0974662107465045
0.0977254721644766
0.0973914113448997
0.0980477140309862
0.0963993748367473
0.0963081692171859
0.0971339848328832
0.0970836868225689
0.0988553964584156
0.0966370491258292
0.0973907097632108
0.0978646551779967
0.0967617687629928
0.0979837081938265
0.0975994033317575
0.0967497339386364
0.0984022826230089
0.096877097999089
0.0978219666306162
0.0963093565092749
0.0981180341033462
0.0976402569731823
0.097123892850127
0.0988394759508591
0.0977500275235893
0.0972277809079115
0.0968004097237063
0.097089677250836
0.0969582116358942
0.0981203007518797
0.0976989199959416
0.0972226539648
0.0966741789875205
0.0966390459352516
0.0977679988083905
0.0970071589410121
0.0965920939299152
0.0959863729687368
0.0969009517765128
0.0978171634944381
0.0967112548813895
0.0973925986369887
0.0967278230028128
0.0978811153637755
0.0978264999276831
0.0973230341141398
0.0977544528850118
0.0970215698591872
0.097982628837382
0.0974267602684575
0.0973991827113002
0.0977459799369224
0.0966230174920505
0.0973077612204499
0.0981790177424612
0.0976276824706037
0.0978527282892848
0.0969565386334052
0.0974482394617033
0.0978031858284816
0.0971062453722592
0.0974161825753013
0.0963743337672346
0.098145719596148
0.0979335181191566
0.0967549148495701
0.0975070104201071
0.0975310800688198
0.0969049453953575
0.0976301649904261
0.0977151643104315
0.0964218794186154
0.0975494291283765
0.0970649060204344
0.0973826685576992
0.0973275134433845
0.096687940782188
0.0966673250740978
0.0975295689697974
0.0966117382172054
0.0974151032188568
0.0969394308337597
0.0976302189582483
0.0975620036309551
0.0977116024341647
0.0980486854517862
0.096902193036424
0.0978638996284855
0.0960412443684577
0.0969672242622059
0.0975340482990422
0.0973053326684498
0.0974793788951276
0.0977889383234141
0.0974444077463253
0.0986684994969971
0.098925068916909
0.0973276753468512
0.0975310800688198
0.0965845384348036
0.0969708940741172
0.0971752702168859
0.0986717979272039
0.0987546925021425
0.0975619496631328
0.0978036715388817
0.0970293412255877
0.0967111469457451
0.0971555179939513
