"V1"
0.11636800873847
0.116431798704341
0.117762483296959
0.116860411148457
0.116175613452235
0.116269193655975
0.113710956979011
0.113780143727104
0.117405540120758
0.117826165327185
0.116111823486364
0.116947137438774
0.115614563972377
0.118123528027649
0.115617370299133
0.115861574694704
0.111311223795924
0.116343831154113
0.114418583064034
0.115310887036713
0.118417706626601
0.114654260543693
0.115799997409545
0.116517661509502
0.11495896286798
0.113102092008661
0.116208263984682
0.114657606548671
0.117322429674531
0.11603146539907
0.117655950815886
0.113868650955554
0.115733131277807
0.114067090637878
0.116820528927832
0.116647238250665
0.1171844339531
0.117135593073986
0.118378741858954
0.114380859556298
0.114461595418348
0.11695118502544
0.115196529221417
0.115873771422527
0.116700234652091
0.114941477293578
0.114634076578181
0.118116782049871
0.116933591515395
0.115975284896134
0.114904941077932
0.116821716219921
0.115529510684549
0.11538088330214
0.11616773415019
0.11595580251231
0.11395510740676
0.115582992796375
0.114123918754682
0.115180554746038
0.116347500966024
0.117046168392558
0.116159045330812
0.115048819291985
0.115816889337901
0.11879062427818
0.117786876752605
0.115980034064489
0.115405762468186
0.116597857693329
0.115638255846334
0.117592700528237
0.115365556440628
0.11730980120413
0.118074903019823
0.115546078805973
0.117360045246622
0.112490528647199
0.115978037255067
0.118221263753699
0.112456906693953
0.115066520737675
0.1171922053195
0.114014472011208
0.117660646016419
0.116547343811726
0.113101768201727
0.114553124844843
0.115174024639549
0.11521261163244
0.115318118724891
0.115232903533597
0.115112447354389
0.11468933962814
0.117008444884822
0.11691626784446
0.114260835119668
0.117481256975341
0.113490822232152
0.114132391702771
0.118622136737192
0.115598373625709
0.118292177472104
0.116623492408886
0.115007318036694
0.114560518436487
0.116408592540783
0.118247168308368
0.118104099611648
0.116320139280156
0.115743547067496
0.117141853341364
0.11707120946207
0.11640001165705
0.114530944069908
0.116873309457969
0.117233112928747
0.117114491655495
0.116538870863636
0.115547589904995
0.11675306915005
0.114120464814059
0.117623462186906
0.11405284313281
0.113348563052765
0.117302893322885
0.116143178791078
0.115220490934485
0.11609644265703
0.113650135243362
0.115140564589769
0.116882214148636
0.115809981456656
0.114917245741399
0.116189968892947
0.116931702641617
0.119186370318561
0.112824859305887
0.116968994406775
0.113980364347561
0.116409671897228
0.115070622292165
0.117270296758261
0.118652628556749
0.115895682358351
0.115520174251304
0.11557899917753
0.117974522870484
0.115576462689886
0.115337601108715
0.116909899641438
0.116024935292581
0.115234090825686
0.116754094538672
0.11489252847882
0.114974559568603
0.115088053898743
0.114604987922001
0.115867673058616
0.116758681803561
0.11846255388687
0.114419824323945
0.114005567320541
0.116257644542018
0.116378262624693
0.116492296633056
0.118385811643666
0.115507599748726
0.113737994857946
0.116726516981515
0.117149300900831
0.116248523980062
0.115968269079244
0.115071917519898
0.11598974827249
0.117819365381585
0.113668916045497
0.116428236828074
0.11555255494464
0.113732058397501
0.118293148892904
0.115608519576288
0.116221270229838
0.115224808360263
0.117875330013233
0.117611805137305
0.117510345631521
0.114995175276693
0.113222116445291
0.117270296758261
0.116224994009572
0.115130472607013
0.115517259988904
0.116406433827894
0.115079526982832
0.11769534732611
0.115508139426948
0.116610432195908
0.117762699168248
0.115281852348356
0.115918132972397
0.117762591232603
0.117325343936931
0.115713217151406
0.114993610209848
0.117816451119185
0.113277109656139
0.116195041868236
0.118109820200803
0.1138852730448
0.115194154637239
0.116556842148437
0.117388270417646
0.117380229212135
0.116268492074286
0.116817992440187
0.11467503815525
0.116354624718558
0.113351477315166
0.116659273075022
0.119265595081589
0.114543248733375
0.115701560101805
0.116097090270897
0.117869987198833
0.116677460231112
0.118918851823789
0.117623893929483
0.117317734473997
0.116586038740262
0.117115948786695
0.115241106642575
0.116817506729787
0.114825878218371
0.11484816692895
0.114539363050175
0.113603075302382
0.11525648747191
0.117557513508146
0.115601665662865
0.115367607217872
0.11495048991989
0.117073799917537
0.115200522840262
0.116516582153057
0.116083382444052
0.115944739108754
0.118770818087424
0.120029131830437
0.114384259529098
0.11516193584737
0.114347831249096
0.117861244411632
0.11403465597672
0.117361340474356
0.113418937092948
0.115009908492161
0.115623630566511
0.116297850569576
0.113607122889049
0.116063414349828
0.116035944728315
0.117305969488752
0.117079304635404
0.116194610125659
0.117267220592394
0.116389757770827
0.11762454154335
0.116479452291366
0.11419952767362
0.115654284289535
0.117550767530368
0.11696111510473
0.11387825722791
0.116378964206382
0.115868968286349
0.114602559370001
0.116160988172412
0.11719824971559
0.112919626801716
0.11287510334838
0.117340562862799
0.117022098743845
0.114863277919173
0.115336413816626
0.117033917696912
0.114713733083786
0.1177135344822
0.117189884703145
0.116547721586481
0.114598026072934
0.113905457010312
0.114434935314168
0.112982445346786
0.117000349711488
0.113064260565281
0.116778110219563
0.116514045665412
0.116499528321234
0.114979524608248
0.118236050936989
0.114184686522508
0.116873525329258
0.117158313527143
0.116847242999834
0.116249657304329
0.116089372872319
0.118484788629627
0.119267537923189
0.116882861762503
0.115372734160984
0.115457625545345
0.114963658068513
0.117299925092663
0.116477293578477
0.118116080468182
0.118097029826936
0.11638571018416
0.116165197662546
0.115389086411118
0.115108237864256
0.115107050572167
0.114826255993127
0.117591189429215
0.115431019408988
0.119112920112512
0.117823628839541
0.113738642471813
0.117022476518601
0.116262609581663
0.115229179753864
0.118075712537157
0.117550173884323
0.116668771411733
0.11539518477503
0.117012600407133
0.113664220844963
0.1157955180803
0.117102510798961
0.117545208844678
0.11726106826066
0.115865136570971
0.117453139739961
0.11500165141536
0.11786264757501
0.115796705372389
0.115843981184658
0.11629671724531
0.117700420301399
0.115323299635825
0.116865160316813
0.114954321635268
0.114008319679474
0.113205710227334
0.114699701450007
0.117020155902245
0.115006616455005
0.115752937468564
0.117502196490365
0.112843478204555
0.116116356783431
0.114434071829013
0.116324780512867
0.115166415176615
0.116430989187007
0.118089150524891
0.116665317471111
0.117601929025838
0.115408892601875
0.115558977115485
0.114962200937313
0.11566216359158
0.116168003989301
0.116412694095273
0.116218841677838
0.115588227675131
0.118244469917257
0.11453391230013
0.116770230917518
0.117533551795078
0.11703337801869
0.117545640587256
0.116208803662904
0.114873477837574
0.114350043929807
0.116852747717701
0.116476430093321
0.116244908135973
0.115868536543771
0.11581564807799
0.117479098262452
0.116645133505599
0.112873592249357
0.118231841446856
0.117278823674173
0.114670288986894
0.117123126507051
0.11751687573801
0.115947329564221
0.115796273629811
0.116473353927454
0.116904286987926
0.115897301393017
0.116515286925324
0.116092826812941
0.114236333728378
0.116183384818636
0.116224886073927
0.117277852253372
0.117598906827793
0.118260282489169
0.115634532066601
0.110374720176842
0.117429285962538
0.117273318956305
0.11529723317769
0.116662025433955
0.11519733873875
0.11524024315742
0.11593130112102
0.115176075416793
0.116077068208851
0.114175835799663
0.115582345182508
0.11673196773156
0.117592268785659
0.116346151770468
0.117040663674691
0.11600113548298
0.117702956789044
0.114716863217475
0.116865322220279
0.115509920365082
0.115158589842392
0.115695677609182
0.118690406032307
0.115353467648449
0.114091807900457
0.117357184952044
0.117371648328401
0.118806922560493
0.116937369262951
0.115584773734509
0.117183030789722
0.116600987827018
0.118136210465872
0.11737963556609
0.116251708081573
0.115994065698268
0.118303672618238
0.11763301449144
0.115484393585169
0.115458866805256
0.111586891431853
0.116891550581881
0.117535926379256
0.114603530790801
0.116395478359983
0.115568421484374
0.118532873959231
0.117365603932311
0.11646623017492
0.117503383782454
0.116282955450642
0.115584719766686
0.115293779237068
0.115681214232826
0.117462961883607
0.1170127623106
0.116679564976179
0.117109418680206
0.11505621288363
0.11793491048897
0.11828845369237
0.114504068094439
0.115457787448812
0.115871342870527
0.115848892256481
0.115004349806471
0.115747540686341
0.115951377150888
0.115367283410939
0.114939858258912
0.116340107374379
0.118103721836892
0.115705175945894
0.11524850023422
0.116574381690661
0.115476676186591
0.116035297114448
0.116891550581881
0.118213330483832
0.119265595081589
0.114655933546182
0.117370515004134
0.118821547840316
0.115150980379459
0.113116285545906
0.116147442249033
0.115682563428381
0.113823048145774
0.116891874388814
0.117389727548846
0.115392594319563
0.116620578146486
0.114973372276514
0.117554653213568
0.112435859243285
0.116483337974566
0.116066490515695
0.115340839178048
0.118573295858078
0.116306053678555
0.118835633441917
0.116130982063255
0.114792580072058
0.116816319437698
0.113095130159594
0.114107242697614
0.114021325924631
0.115928278922975
0.11588936812315
0.116496182316256
0.11619973706877
0.113983170674317
0.117540837451078
0.116864782542057
0.112692368302323
0.118218457426944
0.116523004323902
0.117514663057299
0.116492512504344
0.116813135336187
0.116035620921382
0.116030601913915
0.117256319092304
0.116351386649224
0.117769930856426
0.11716818963861
0.11682484635361
0.118028328789243
0.117568792782991
0.116326885257934
0.112239254466917
0.116071563490984
0.118549064305898
0.114858150976062
0.113716839471633
0.115189891179283
0.117187564086789
0.117431660546716
0.114387821405365
0.114831598807527
0.118604057516746
0.117384816477024
0.115831298746435
0.113959910542938
0.117233328800036
0.117125177284296
0.118273180798681
0.117673652261576
0.117007041721444
0.114605851407157
0.114503744287506
0.115655795388558
0.114461541450526
0.118053585730044
0.115922288494708
0.115318712370936
0.113803134019372
0.116321812282645
0.116418360716606
0.116728513790937
0.11269155878499
0.115255947793687
0.113826340182929
0.118720897851865
0.119638404797524
0.113673881085142
0.114972400855714
0.118320294707484
0.115842308182169
0.117609808327883
0.11487191277073
0.118381818024821
0.113903190361779
0.115579430920108
0.117589084684148
0.115981491195689
0.118850960303429
0.11653023601208
0.114712977534275
0.115717264738073
0.113166637524043
0.114976286538914
0.111820626069912
0.115918996457552
0.116575946757505
0.11531882030658
0.116941740656551
0.117077631632915
0.115840041533636
0.117822603450918
0.115582561053797
0.115347315316716
0.11850351546394
0.117226906629191
0.115573494459663
0.116125207506276
0.114190515047308
0.112506988832978
0.114063474793789
0.117367816613023
0.116649936641777
0.116342212119446
0.115131497995635
0.117623678058195
0.113849600314309
0.118736980262888
0.116163308788768
0.11674626920445
0.115740093126874
0.1161471184421
0.11653120743288
0.117895999689145
0.115965462752488
0.1164953188311
0.116206051303971
0.114179181804641
0.116133626486544
0.116893007713081
0.115089780869055
0.117011898825444
0.1112776558105
0.115616398878333
0.11344154961046
0.116539842284436
0.116050084297738
0.117188481539767
0.115863517536304
0.116942873980818
0.11564737640829
0.114841528886817
0.117278337963772
0.114950328016423
0.115903129917818
0.116170000798724
0.115709601307317
0.116907309185971
0.114817675109393
0.118439779465891
0.116571251556972
0.119707861384728
0.114121004492282
0.113762118474481
0.11355817407429
0.117348280261377
0.11603799550556
0.11862791129417
0.113673611246031
0.117311582142263
0.113926450493158
0.116751342179739
0.116209343341126
0.115359080301961
0.117630909746373
0.116297742633932
0.114839262238283
0.116212149667882
0.117205859178523
0.115569392905174
0.117267544399327
0.115353899391027
0.117057717506514
0.115375864294673
0.115098955398833
0.115861304855593
0.115421035361876
0.116581235604083
0.115476892057879
0.115130364671368
0.118728507314799
0.116394183132249
0.115522710738949
0.11747807287383
0.116196984709837
0.116600717987907
0.116756792929784
0.114130286957704
0.118067941170756
0.119147189679625
0.118527962887408
0.115356435878672
0.115825416253813
0.114234013112022
0.118479068040472
0.117701715529133
0.117366467417467
0.11577344524101
0.117327772488931
0.118032484311554
0.115771718270698
0.116280796737753
0.114216797376732
0.116397259298116
0.117824222485585
0.114865490599885
0.115598103786598
0.11643395741723
0.116648479510577
0.113578843750202
0.116171781736857
0.119426796966577
0.116812163915387
0.117321512221553
0.116657168329955
0.118454404745714
0.11507947301501
0.11672446620427
0.115346020088982
0.11715194532412
0.115983541972934
0.116274482502553
0.116794570405342
0.11659229900764
0.114572121518266
0.115845924026259
0.113090111152127
0.116215603608504
0.11851781693683
0.115394860968096
0.115659087425713
0.114748920103877
0.117517901126632
0.112807643570597
0.118129896230671
0.116572924559461
0.115736099508029
0.114859284300329
0.116206159239615
0.11725038263186
0.115465073104812
0.11536609611885
0.11503268291314
0.116130118578099
0.117551091337301
0.11522205600133
0.116792465660275
0.116742815263827
0.115944847044398
0.115133009094657
0.116447395404964
0.115235116214308
0.11627151427233
0.116521709096169
0.117630747842906
0.117153564358787
0.116163902434812
0.115804692610078
0.115933189994798
0.116084137993563
0.117317572570531
0.114593654679334
0.116444750981675
0.113912364891557
0.116519766254568
0.115840041533636
0.11620556559357
0.115224160746397
0.117051996917358
0.113222386284402
0.116332929654023
0.11582244802359
0.115757254894342
0.115925202757108
0.116258777866285
0.115612621130777
0.116303571158732
0.116571467428261
0.116022021030181
0.113758124855636
0.116066544483517
0.116121429758721
0.117547961203612
0.117617093983883
0.116056614404228
0.115789581619855
0.115519688540904
0.115347639123649
0.115894171259328
0.11583334952368
0.116695701355024
0.11697638799842
0.116804014774231
0.116926143955928
0.118088179104091
0.115247582781243
0.116463531783809
0.117204779822079
0.116131683644944
0.116746593011383
0.114268606486069
0.117632582748862
0.115744032777897
0.116159531041212
0.116119972627521
0.116409186186828
0.114984867422648
0.116496883897945
0.114355008969452
0.113639611518028
0.115710680663761
0.117242935072392
0.116394830746116
0.114541036052664
0.115931139217553
0.114830357547616
0.114487985683416
0.114812925941037
0.115302414088624
0.115534043981616
0.118126981968271
0.117380175244312
0.117415362264403
0.11668857760249
0.114170762824374
0.117927516897325
0.113986084936717
0.116003618002802
0.115394429225519
0.113862660527287
0.117090583910249
0.114456198636125
0.116625219379197
0.114672987378006
0.117364470608045
0.118227362117611
0.11802341771742
0.115958285032132
0.117305213939241
0.116011011594447
0.117516983673654
0.116895112458148
0.115262262028888
0.116860950826679
0.117710512284156
0.114783567445746
0.116436062162296
0.116183816561214
0.115214770345329
0.114322196533539
0.115407921181075
0.117611535298194
0.115545377224284
0.115039428890918
0.115197608577862
0.115446508173966
0.115978415029823
0.115254166855554
0.115821638506257
0.116838230373522
0.114608981540846
0.11721886542368
0.117339483506354
0.115331718616092
0.115445698656633
0.114940451904956
0.116359859597314
0.115051571650919
0.11611657265472
0.114660143036316
0.116798725927653
0.116288136361576
0.118263412622858
0.115324486927914
0.11653557882648
0.115838746305903
0.116376913429137
0.113711064914655
0.117328689941909
0.116673142805334
0.118422671666246
0.11711751385354
0.116434551063274
0.116069836520673
0.115686664982871
0.115645703405801
0.117316978924486
0.115905288630707
0.115103272824611
0.11322378944778
0.115618719494688
0.116883509376369
0.117254106411593
0.117393073553824
0.115532802721705
0.117442993789383
0.115361077111383
0.115520228219127
0.117900155211457
0.117148869158253
0.116411452835361
0.117104021897984
0.11262318155423
0.119011946317128
0.116223213071438
0.116633692327287
0.114195048344375
0.114754208950455
0.114597162587779
0.118237184261256
0.118594181405279
0.115819803600301
0.116570981717861
0.118511556669451
0.114892474510998
0.116291536334376
0.117327178842887
0.116558299279638
0.115649750992468
0.116022776579692
0.116050623975961
0.115429454342143
0.113290223836939
0.115491193530769
0.115012930690205
0.117561237287879
0.116260234997485
0.117793406859094
0.117712994803978
0.114850703416595
0.115373327807028
0.118574860924922
0.116101137857564
0.119154259464337
0.116007881460758
0.115964275460399
0.116303948933488
0.115195072090217
0.116307240970644
0.116723602719115
0.11583480665488
0.116071617458806
0.116060230248317
0.117390752937469
0.117048489008913
0.115978145190711
0.116288190329398
0.114540550342264
0.115119948881679
0.114631917865292
0.112881039808824
0.117613532107616
0.117269811047861
0.115350445450405
0.115366473893606
0.116838014502233
0.117153294519676
0.113364861335078
0.11515027879777
0.116416903585406
0.11540900053752
0.116824792385788
0.116603848121596
0.114324625085539
0.116470007922476
0.117263173005727
0.116849617584012
0.116258777866285
0.115285036449867
0.116426078115185
0.11398905316694
0.113079263619859
0.113424064036059
0.114541305891775
0.116479614194832
0.115413587802409
0.116782751452274
0.114071623934945
0.116936991488195
0.118012947959908
0.114216473569799
0.116623492408886
0.117348819939599
0.116120728177032
0.117761080133581
0.117108177420295
0.117470679282185
0.112636619541964
0.114608441862624
0.115889098284039
0.116090668100052
0.118772652993379
0.118047055623555
0.112596683353517
0.115918996457552
0.11398613890454
0.113088923860038
0.115782511835143
0.112464732028176
