"V1"
0.0994571916440541
0.101985260308394
0.101033159988688
0.101378877857866
0.100042688547381
0.100187268343123
0.0994063539555176
0.101342449577864
0.100997703129486
0.100927383057126
0.099751046436073
0.10056520500217
0.102074954828933
0.0990086291577882
0.0999044229868383
0.102567465174564
0.0995161245059246
0.100139129045698
0.101559076416278
0.102280572231613
0.100133192585253
0.0998281664540334
0.101598742765613
0.0999076070883496
0.100220080779036
0.0989515671176218
0.102033453573641
0.100517605382966
0.0996614598511783
0.099720932391271
0.100331146557177
0.100612318910973
0.0998849945708371
0.100574865242348
0.0988259300274804
0.101295335669061
0.0989419608452656
0.101176606460164
0.102328063915171
0.0997933032408757
0.100780806451961
0.101608295070147
0.100730778280758
0.10042094901336
0.100184408048545
0.100217760162681
0.0996996151014919
0.101640190053083
0.100444586919495
0.101203266564344
0.100391104807669
0.101818769576828
0.100632071133907
0.100738063936758
0.100947081312238
0.100232817185082
0.0994027920792507
0.101890978522965
0.0997862874239863
0.100814374437385
0.10254917008283
0.0997412782602501
0.101277904062482
0.100185433437167
0.100991226990819
0.102226820280676
0.101424696538936
0.10250092284976
0.100585227064215
0.0996203903384646
0.0994750549932109
0.0990684074527404
0.10153441312152
0.101306453040439
0.100503789620477
0.100081113636805
0.0986628932365367
0.0997872492001606
0.101181085789409
0.101300624515639
0.101047461461578
0.101949695513547
0.100439298072917
0.100127094221341
0.101236726614124
0.0993866557004052
0.101135213140517
0.100131249743653
0.100255645573883
0.100579128700304
0.10082732671472
0.101173962036875
0.100401520597359
0.100525916427589
0.0990906421954974
0.099438033067164
0.0997933572086979
0.100383387409091
0.101493289640984
0.102344146326194
0.0995809938282398
0.100665207376754
0.0990860009627859
0.100955662195972
0.100470545441986
0.0985525830079074
0.100001025388622
0.101601279253258
0.10021581732108
0.101996755454528
0.101123124348339
0.0995426766744596
0.100079926344716
0.0983869557614968
0.101130140165228
0.100421060244918
0.0995559527587271
0.0995034420677016
0.101210174445589
0.100558512992214
0.0994424584285865
0.0997951381468313
0.100773250956849
0.0986118396767112
0.101794052314248
0.101249355084524
0.100338378245355
0.0997500750152729
0.100919557722903
0.0976349681266042
0.100075285112005
0.101577965154057
0.100567363715059
0.100786095298539
0.099191723926526
0.101567765235656
0.0999283307320843
0.10019034450899
0.100055263049959
0.099369871707693
0.100421974401983
0.100733476671869
0.100855551885744
0.100850532878277
0.100509294338344
0.0997014500074476
0.101151187615896
0.100363635186157
0.10216993819605
0.100200490459568
0.100766397043427
0.0984376855143889
0.101070613657313
0.100439352040739
0.101426855251825
0.100519224417633
0.100719552973735
0.100999538035442
0.0995161245059246
0.0980472283205861
0.0989869160411796
0.102259578748767
0.100214414157703
0.100166544699388
0.0997801890600748
0.0990345696282049
0.10099295396113
0.099849591679457
0.100342479799844
0.102478634139181
0.100564395484836
0.102185319025384
0.10050217058581
0.0994773216417443
0.100331200524999
0.0997641066490516
0.101929997258435
0.100973687448596
0.0990086111057143
0.0999594161976863
0.0997140245100261
0.0993025738333776
0.099957203516975
0.10263962015288
0.10018888737779
0.0996923834133136
0.0993866557004052
0.0986413061076464
0.0999403115886184
0.100970827154018
0.100692784933911
0.101292475374483
0.101107041937315
0.100232979088548
0.101200190398477
0.0999703176977759
0.100712375253379
0.0986485917636468
0.0995161784737468
0.0988492441266819
0.0997500750152729
0.0990637122522067
0.102072904051688
0.100931808418549
0.100998674550286
0.101811861695583
0.100236379061348
0.0993909731261832
0.101173962036875
0.100042688547381
0.101173476326475
0.101476181841339
0.0992987960858218
0.0993801795617381
0.100758355837915
0.1006968864884
0.0991590194262573
0.101911972005811
0.0988937675800181
0.101200190398477
0.102050129630709
0.100595426982616
0.0992309045654619
0.0999733938636427
0.101675538976641
0.101282113552615
0.0997597892232735
0.101332033788174
0.102167563611872
0.10028732468553
0.10070633085729
0.0993728939057376
0.0983968318729641
0.100107449934051
0.10006789152036
0.100295419858863
0.0995694447142836
0.101080111994025
0.101315465666751
0.101153454264429
0.100268651819039
0.101731071865711
0.100418304590071
0.100252245601083
0.100741949619959
0.102177007980762
0.100340698861711
0.0997977286022982
0.100997541226019
0.0999396639747517
0.101417572786402
0.101994758645105
0.10123931706959
0.100101243634495
0.099887854865415
0.100509294338344
0.101601872899303
0.100252839247127
0.100301572190597
0.102597363348077
0.100831590172675
0.0982343887280648
0.0990943659752309
0.100175341454411
0.0990673280962959
0.100049110718225
0.0992201110010168
0.102270858023612
0.101139260727184
0.0992298791768396
0.101234190126479
0.101244659883991
0.0987941969480117
0.0991590194262573
0.0988799518175283
0.101614717240992
0.0997955698894091
0.100170322446944
0.100948592411261
0.101692322969353
0.100835313952409
0.100140208402142
0.0999519686382191
0.10061177923275
0.100041555223114
0.100851288427788
0.101173530294297
0.0990829787647413
0.0998869913802594
0.100726676726269
0.0988345648790365
0.101415036298757
0.0991719717035914
0.101993787224305
0.099562860639972
0.100183706466856
0.102112030722802
0.099564047932061
0.0986529631572471
0.100321702188287
0.0990820613117635
0.0999674574031979
0.100134110038231
0.0993472591901804
0.100992630154197
0.0988896120577067
0.100038425089425
0.101513365670852
0.100708651473645
0.101119076761672
0.100550525754524
0.102024117140396
0.099939987781685
0.0981939128613955
0.100852475719877
0.100205023756635
0.100256832865972
0.100029304527469
0.10064086788893
0.100325425968021
0.101628586971304
0.101515794222853
0.0992359775407511
0.101048324946734
0.0988365616884589
0.0992114221816384
0.100923065631348
0.0996643741135785
0.102625696454746
0.101213250611455
0.0988135713961907
0.0994055984060064
0.100869475583878
0.101438566269248
0.100561049479858
0.098140214878281
0.101303646713683
0.100019050641246
0.101855953406341
0.100665207376754
0.100521976776567
0.101866531099497
0.100817774410186
0.100606328482705
0.100833802853387
0.101713694226954
0.0995046293597905
0.101903121282966
0.0987789240543219
0.0988480568345929
0.101122530702294
0.100137510011031
0.10054194487079
0.10072743227578
0.101839115445807
0.100198331746679
0.100074043852094
0.100443885337806
0.100665261344576
0.0984939199851481
0.099918940331017
0.100311772108998
0.100090827844806
0.0987996476980565
0.101274288218393
0.101548822530055
0.0987108706304953
0.101385461932178
0.101005204656775
0.0997180720966931
0.100965862114373
0.102696772076617
0.101411042679913
0.0985671543199083
0.100064869322315
0.101994758645105
0.100529154496923
0.102240366204054
0.0997643225203405
0.100448472602695
0.100838552021743
0.100990633344775
0.102051910568842
0.098865758280283
0.102381546026997
0.101415953751735
0.0997868271022086
0.100034809245336
0.0996648058561563
0.0996691232819344
0.0998774390757255
0.100496881739232
0.100777190607872
0.099121403854166
0.101322373547996
0.0999130578383944
0.100968020827262
0.102097837185556
0.101584549228368
0.100360181245534
0.098729705400452
0.100928300510104
0.100265575653173
0.101428959996891
0.101172666809142
0.099560701927083
0.100391266711136
0.100203890432369
0.100075285112005
0.101254482027636
0.101648231258594
0.0984710915963466
0.101625780644548
0.101611371236014
0.0998528837166128
0.101447686831204
0.101448280477248
0.100414472874693
0.0997837509363417
0.100201947590768
0.101779804809181
0.100874926333923
0.0999185085884392
0.100716260936579
0.099015950729537
0.101792595183048
0.100851165110164
0.101951530419503
0.101665069219129
0.100432498127317
0.0997403608072723
0.10217042390645
0.101839763059673
0.0998078745528766
0.101498956262318
0.101031810793133
0.101327014780707
0.101054909021045
0.099921800625595
0.0997179641610486
0.0992980405363106
0.0994406774904531
0.0999985968366221
0.100663858181198
0.100859059794188
0.102261791429478
0.100401466629537
0.100734178253558
0.0994950230874344
0.100928840188326
0.100317870472909
0.100308803878775
0.10074950511507
0.100735797288225
0.100454355095318
0.101506727628719
0.101983587305905
0.10065322652022
0.101282117706998
0.101218323586745
0.10083704092272
0.101092416657492
0.0996009079546411
0.0996835866582909
0.101898102275499
0.0997180720966931
0.101629882199038
0.101076981860336
0.10128367861946
0.0999994603217777
0.0985661828991082
0.0990432584475832
0.10018985879859
0.100887554804323
0.100703254691423
0.100717718067779
0.0998504011967904
0.102328981368149
0.0990520012347838
0.0998320521372337
0.101282113552615
0.102799580777957
0.0998409568279009
0.0999953587672886
0.102047916949998
0.101393242490577
0.100666880379243
0.100927706864059
0.10218472537934
0.0997481321736728
0.100629804485374
0.100943897210727
0.102395847499887
0.0998672931251471
0.0999997841287111
0.101620923540548
0.0993348465910685
0.0993559480095588
0.101358424053242
0.100327638648732
0.100314848274865
0.1005189006107
0.101182111178031
0.100009444368889
0.100687550055155
0.0989172975505085
0.101135213140517
0.0992747264371091
0.100738117904581
0.100285813586507
0.100303191225264
0.100280848546862
0.100819501380497
0.101559022448455
0.101062572451801
0.0998470012239902
0.100565582776925
0.100087265968539
0.101592482498235
0.0996414377891326
0.100694781743333
0.101484600821606
0.101546609849343
0.0998647566375025
0.101484924628539
0.100594995240038
0.1005218148731
0.100026444232891
0.0999311910266623
0.0999662161432867
0.0998699375484361
0.0989598781622445
0.10215855098556
0.100551497175324
0.10039256193887
0.0992596694147082
0.100715127612312
0.0996803485889573
0.100435790164472
0.100317600633798
0.100503789620477
0.101012976023176
0.0985037421287931
0.100865913707611
0.100355593980645
0.0990770423042965
0.10197473658306
0.0998142967237215
0.100383657248202
0.0998174808252328
0.100892250004857
0.10136490019191
0.0998216363475441
0.0988364537528144
0.0995809938282398
0.0992370568971956
0.100517119672566
0.100999915810197
0.0989246371743312
0.102424018703088
0.101996755454528
0.100648909094442
0.101383303219289
0.10180646491336
0.100812647467074
0.100324724386332
0.0996090570957972
0.0991141181981655
0.100878542178012
0.100389971483403
0.101693186454508
0.100522354551322
0.0985077357476378
0.101094467434737
0.101137317885584
0.100322781544732
0.100801098353118
0.101002074523086
0.100804714197207
0.0992718661425312
0.0997153197377596
0.100968034459306
0.101737008326156
0.10116608273483
0.099022642739493
0.0991364069087447
0.100045872648892
0.0996585995566004
0.0993779668810269
0.0981922938267288
0.0995983714669965
0.0996189332072645
0.100175341454411
0.101561397032633
0.101243094817146
0.100705197533023
0.0990705661656294
0.09989524845706
0.101148920967362
0.101161063727363
0.101809325207938
0.101304240359728
0.0996887675692245
0.100189265152545
0.101212818868878
0.10045683761514
0.100995166641841
0.100893653168235
0.101904092703766
0.100880269148323
0.101008550661753
0.102054123249554
0.0999871016904881
0.0998178585999883
0.100339241730511
0.0996524472248666
0.100256509059039
0.100485656432209
0.101123502123094
0.099521953030725
0.100028225171024
0.101034509184244
0.0996918977029136
0.0999752827374206
0.0999121403854166
0.101369649360265
0.0995707549919365
0.10042289185496
0.101012976023176
0.10189740069381
0.100966725599529
0.100139236981342
0.101666526350329
0.100818206152763
0.101316383119729
0.101490375378584
0.100095900820095
0.101477099294317
0.100454355095318
0.0993071610982668
0.101515146608986
0.102940274890499
0.100232169571215
0.0994556311893212
0.100741463909559
0.0995195244787248
0.0994300997972969
0.100592350816749
0.0989912334669577
0.0986169126520004
0.102015320385373
0.099763243163896
0.100694511904222
0.101476289776983
0.100743838493736
0.100268867690328
0.101600145928991
0.0993701955146264
0.098978874835668
0.101254482027636
0.101172666809142
0.0995603241523274
0.10018985879859
0.102084129358711
0.10036055902029
0.101993787224305
0.0996234125365092
0.101151079680251
0.1010431440358
0.102043491588575
0.0993179006948897
0.100591379046065
0.101708297444732
0.0994336616735638
0.101450924900537
0.100645758847609
0.101474940581428
0.10010766580534
0.101109308585849
0.0979828986764931
0.101771979474958
0.101720332269088
0.098865758280283
0.100843463093565
0.101195009487543
0.0988365616884589
0.100832939368231
0.100755117768582
0.100175341454411
0.0997832652259417
0.0992109364712384
0.101116216467094
0.100441280923667
0.101220968010034
0.101210336349055
0.0991236705026995
0.100134110038231
0.100829107652853
0.0996121872294863
0.100758193934449
0.100065193129249
0.101539648000276
0.10062850925764
0.100126716446586
0.100098761114673
0.100306051519842
0.0997264910769603
0.100626242609107
0.0995694447142836
0.0996500726406887
0.0996148316527753
0.101243094817146
0.0997301608888716
0.100940659141394
0.101823950487761
0.10093110683686
0.101262631168792
0.0991109477610974
0.101047731300689
0.0996611900120672
0.100285813586507
0.0990592868907842
0.102106687908401
0.101207691925766
0.100594941272216
0.0998148364019437
0.0991705145723914
0.100521922808745
0.101926273478701
0.100620360116484
0.0995065722013906
0.101015620446465
0.101139530566295
0.10063746791613
0.1005276433979
0.100896567430635
0.102346682813839
0.100986693693752
0.0997854779066529
0.101262631168792
0.100579722346348
0.101735335323667
0.100174747808367
0.101046759879889
0.101051347144778
0.100461209008741
0.100199788877879
0.0990517313956726
0.100909033997569
0.0995168800554357
0.100798831704584
0.100527751333545
0.101027115592599
0.100982681234982
0.101693186454508
0.0981877605296618
0.100936125844327
0.0998097094588323
0.100331686235399
0.100291965918241
0.101098892796159
0.100699962654267
0.0998368552734118
0.102964398507034
0.100721657718802
0.100803077600611
0.100354730495489
0.10131762437964
0.100823926741919
0.0988761740699725
0.100223264880548
0.100771308115249
0.10003394576018
0.100099732535473
0.0996216315983758
0.100819123605741
0.101184701633498
0.100522948197367
0.0982924041369574
0.101645478899661
0.100686740537822
0.101203266564344
0.100670604158976
0.101476613583917
0.100113224491029
0.0999460861455966
0.100103240443918
0.102056659737198
0.0993366814970242
0.0994843914264559
0.101954066907147
0.100665207376754
0.101787576175581
0.10061469349515
0.100913081584236
0.101281519906571
0.100689708768044
0.100425050567849
0.10103078540451
0.100734178253558
0.101086857971803
0.100504761041277
0.0998607090508355
0.0999240133063063
0.0998399854071009
0.0982979088548244
0.101447470959915
0.10132949730053
0.0994690105971216
0.101867016809897
0.10097330967384
0.0980792852069882
0.100696994424045
0.0992139047014608
0.101450439190137
0.102044624912842
0.100938716299793
0.0991364069087447
0.100903557233747
0.0986184777188449
0.0995784573405952
0.100882805635968
0.101582714322412
0.101865883485631
0.10129144998586
0.102171017552494
0.100778377899961
0.0982474489410434
0.0996673963116232
0.101231599671012
0.100152728936899
0.100483281848031
0.100478100937097
0.100228229920192
0.099927305343462
0.10043962187985
0.100042310772625
0.101385893674755
0.0996248156998871
0.0998493218403459
0.1008671009997
0.100526641883519
0.100686092923955
0.102135182918537
0.0999267656652398
0.101604625258236
0.100418736332649
0.09847287253448
0.0999432798188408
0.100781130258894
0.099562860639972
0.0997609765153625
0.0992169268995054
0.101331602045596
0.100994519027975
0.102441180470556
0.101866854906431
0.100045656777603
0.100762079617649
0.100479450132653
0.100507135625455
0.10090007533908
0.102211547386986
0.101176606460164
0.100579128700304
0.100128173577786
0.0984579234477235
0.0996547138734001
0.101302135614661
0.102246626471433
0.100463745496385
0.100650474161286
0.09944423936672
0.101331871884707
0.0993293958410238
0.101807112527227
0.100714479998446
0.101315897409329
0.102233026580232
0.101266408916348
0.100493913509009
0.0994844453942781
0.098962144810778
0.0998775470113699
0.101448766187648
0.0990190808632261
0.0999671875640868
0.100159906657255
0.099828544228789
0.098592681099821
0.101315789473684
0.0992958278555994
0.101301811807728
0.0996684217002455
0.100243556781704
0.101461340690227
0.0998076586815877
0.101196790425677
0.100576754116126
0.100237566353437
0.10093936391366
0.100139452852631
0.100379501725891
0.101564635101967
0.10027448034384
0.0997375005126943
0.0997660494906517
0.100405298344915
0.0997379322552721
0.101977596877638
0.0981747542845054
0.0999716129255093
0.0984216570711879
0.100879081856234
0.100243772652993
0.099440893361742
0.101068940654824
0.102725051215463
0.0997264910769603
0.100887338933035
0.0995692288429947
0.100288134202863
0.10057637634137
0.100923065631348
0.102210521998364
0.0994172014877849
0.100661861371776
0.0998975690734157
0.100677188233288
0.0974923311724617
0.10129144998586
0.100061955059915
0.10032904181211
0.0996726851582013
0.101144441638118
0.100043228225603
0.09991343561315
0.0987789240543219
0.101914184686523
0.100029358495291
0.0992447742957739
0.100450955122518
0.101037585350111
0.100861326442722
0.100234220348459
0.101204022113855
0.0989226943327311
0.100959062168772
0.0990283093608267
0.100750098761115
0.100779457256405
0.100236702868282
0.10041220622616
0.102105770455424
0.101072178724158
0.100093580203739
0.101852985176119
0.1001668145385
0.101408182385335
0.0996150665915366
0.0997832112581195
0.100532770341012
0.100202109494235
0.0992499552067076
0.100185703276279
0.099639387011888
0.0992482822042186
0.0993702717757397
0.10162507906286
0.102338641608327
0.102308743434814
0.100645940864219
0.100889875420679
0.100550957497102
0.0998988103333269
0.101995891969372
0.0993071071304445
0.100726676726269
0.100675407295154
0.100356079691045
0.10127083427777
0.0999403115886184
0.0991708383793247
0.100341238539933
0.100689708768044
0.101189882544432
0.101718011652732
0.101407912546223
0.0999244450488841
0.101292475374483
0.0999029658556382
0.100666394668843
0.0996947040296693
0.100801260256585
0.101205641148522
0.0988625789890694
0.0991062388961206
0.100240318712371
0.101665446993884
0.0997174244828264
