"V1"
0.110257178260034
0.110991464449237
0.109238967358102
0.108236676963727
0.109228659504057
0.110897182663809
0.109530231694654
0.109713344515466
0.110321346000661
0.109334382467797
0.109813400857873
0.108065598967272
0.108635661073442
0.109340210992598
0.109113276300139
0.109851502140364
0.110319780933816
0.110571109081921
0.110351783852396
0.109500387488964
0.109505568399897
0.108354434751824
0.110468246412759
0.108441862623829
0.10984632122943
0.109583120160436
0.109015162799333
0.110265867079413
0.109737252260712
0.109728077730934
0.110029973728464
0.109773464669426
0.109334868178197
0.10950707949892
0.110566251977921
0.108285517842841
0.109977786844372
0.109723976176445
0.109430013448781
0.108589518585439
0.109483657464074
0.109445340310293
0.108945544308661
0.109537247511544
0.108115681106297
0.109866505194943
0.109462663981228
0.111233510131919
0.109772331345159
0.110048754530599
0.109571625014301
0.110547039433208
0.109674433715641
0.109369623455711
0.109925168217702
0.109695535134132
0.108860329117367
0.110375043983775
0.110096246214157
0.108806847005541
0.110687733545751
0.109087695552404
0.110202400920475
0.110096947795846
0.110189286739674
0.109800664451827
0.109888793905522
0.109958898106593
0.110533385574185
0.109688033606842
0.111348245721971
0.108524487359657
0.109713776258044
0.110195223200119
0.110466465474625
0.109672868648797
0.109553437858211
0.109779239226404
0.109158231496053
0.110445741830891
0.109735849097334
0.109872711494499
0.108580398023482
0.109814156407384
0.108798212153985
0.108814780275409
0.10956066954639
0.109893866880811
0.109931536420725
0.110290746245459
0.110770682088512
0.109068536975514
0.109327042843975
0.110000723168818
0.10932499206673
0.107806445484944
0.109413877069936
0.108892116164658
0.110455768126454
0.109760512392091
0.108323025479288
0.109168971092676
0.110115566694514
0.109498390679541
0.109843946645252
0.109803416810761
0.108987909049109
0.11056743927001
0.109500333521141
0.109448956154383
0.109702658886665
0.10926800204646
0.109517980999009
0.110253562415945
0.109951396579304
0.109897266853611
0.109744861723646
0.109595047049147
0.109737953842401
0.110320104740749
0.108867776676834
0.108721092136025
0.109842813320985
0.108469332245342
0.110005256465885
0.109306858878462
0.1086729528386
0.109814642117784
0.109841140318496
0.110115620662336
0.10887738294919
0.110979483592703
0.111096593766932
0.109685928861775
0.109635954658394
0.109507781080609
0.109422080178914
0.109432280097315
0.108981109103508
0.110432573682268
0.110899988990564
0.109878270180188
0.108660648175132
0.111856568639514
0.11083733234896
0.10960190096257
0.108219839003193
0.109720846042755
0.109685605054842
0.10756823151764
0.10858180118686
0.108426157987562
0.108964379078618
0.111241767208719
0.109411340582291
0.109554193407723
0.110083024097712
0.109785985204182
0.11011691589007
0.111002258013682
0.110005310433707
0.107512104982525
0.110680339954106
0.107973583830377
0.110478230459871
0.109078035312225
0.108706304952735
0.109934936393525
0.110231975287055
0.109333734853931
0.109697855750487
0.109372052007711
0.109191259803255
0.110193010519408
0.109601631123459
0.110028138822508
0.110104125516202
0.110506887373472
0.109070803624047
0.109705896955999
0.109002750200221
0.108403923244805
0.110192416873363
0.110284216138969
0.109395042299979
0.109378851953311
0.110290746245459
0.10975198547618
0.109400493050024
0.10836938383858
0.109851879915119
0.109886743128277
0.109094765337115
0.109589326459991
0.109307344588862
0.109723922208622
0.109571463110835
0.110264248044746
0.109550901370567
0.110797935838736
0.109995650193529
0.110317352381816
0.109749341052891
0.110646232290459
0.110668413065394
0.109439565753315
0.110349355300396
0.110078922543223
0.108554925211392
0.109501250974119
0.109932345938058
0.109999859683662
0.109710268349599
0.109822467452006
0.110851363982739
0.108467551307209
0.108666800506866
0.108574569498682
0.108811542206075
0.109380470987978
0.108558541055481
0.109262713199882
0.108913217583148
0.110042926005798
0.108704416078957
0.108336031724445
0.109141879245918
0.109987555020195
0.110268943245279
0.108859735471323
0.109963863146238
0.110058468738599
0.110296628738081
0.109754737835113
0.110213788130965
0.109507673144964
0.110819576935448
0.109967532958149
0.111084235135643
0.109458022748516
0.109476263872429
0.110137801437271
0.108267654493685
0.109139342758274
0.109612262784437
0.109092822495515
0.108224642139371
0.109380956698378
0.10991518417059
0.109487489179452
0.110016265901619
0.110523023752318
0.108561023575303
0.109621437314216
0.108785637651407
0.109327366650908
0.109370972651266
0.108132680970298
0.110280384423591
0.110039040322598
0.10963633243315
0.10975684258018
0.109564986972168
0.110105636615225
0.109693646260354
0.108470681440898
0.110321885678883
0.108501874842144
0.110310336564927
0.109555812442389
0.110208283413098
0.109323642871174
0.108542620547925
0.109264763977126
0.108619524694596
0.109091527267782
0.110682336763528
0.109946323604014
0.109366709193311
0.109068267136403
0.107663862498624
0.109532930085766
0.110257394131323
0.108910195385104
0.110191661323852
0.109651335487729
0.109363201284866
0.109017267544399
0.108868100483768
0.109364010802199
0.109698287493065
0.110387618486354
0.110739650590732
0.109589164556525
0.110031107052731
0.109694024035109
0.108256267283195
0.109549498207189
0.11052162058894
0.109088613005382
0.108284924196797
0.109488406632429
0.108858871986167
0.110434300652579
0.111652516303679
0.10874958714616
0.110568302755165
0.110614229371879
0.110189718482252
0.108972852026708
0.109499308132519
0.110025926141797
0.10969985255991
0.109303728744773
0.109854740209697
0.108968426665285
0.109482740011096
0.109696560522754
0.108713914415669
0.108845326062788
0.10912590477054
0.109842327610585
0.109835797504096
0.108763672747761
0.109250948214637
0.11000369139904
0.109444260953849
0.110071690855045
0.108555788696548
0.109436489587448
0.108379691692625
0.109930079289524
0.110753034610644
0.110009897698596
0.109375775787444
0.109436165780515
0.107924581047796
0.110645638644415
0.108646454637887
0.108845973676655
0.110159874276561
0.109273884539082
0.109801366033516
0.109819930964362
0.109810054852895
0.108657895816199
0.1095546251503
0.111329141112903
0.108424754824184
0.109387810611801
0.108074395722295
0.110842027549494
0.10977114405307
0.109464606822828
0.109051429175868
0.108775383765184
0.110018424614508
0.11029004466377
0.110228305475144
0.108641867372998
0.110742187078376
0.108826491292832
0.109378258307267
0.109264548105837
0.109568494880612
0.111706592061549
0.108788605881629
0.109996459710862
0.109077603569648
0.108803285129275
0.109072422658714
0.10924981489037
0.109394016911357
0.110374720176842
0.109629208680616
0.109779832872448
0.109381928119178
0.110388643874976
0.108866643352567
0.108735555512381
0.108358806145424
0.109205021597922
0.109623326187994
0.109510803278653
0.110475693972226
0.109397201012868
0.108381418662936
0.109647773611462
0.10987298133361
0.108895893912214
0.108800532770341
0.109776217028359
0.10947216231794
0.111328439531214
0.109440968916693
0.109936177653436
0.109429203931448
0.109071613141381
0.107960253778287
0.109386515384067
0.110077033669445
0.109460235429228
0.10978085826107
0.10934366493322
0.109392721683623
0.108576134565527
0.10911986037445
0.110047405335043
0.110182270922785
0.109208799345478
0.110058306835133
0.108963245754351
0.110391288298265
0.110037097480998
0.110304615975771
0.109616310371104
0.110319565062527
0.110536299836585
0.109427369025492
0.108590058263661
0.108467281468097
0.109200434333033
0.110338669671595
0.109910596905701
0.108818773894253
0.110310822275327
0.110013675446152
0.108774790119139
0.109748747406846
0.110826538784515
0.110857516314473
0.110010761183752
0.109169726642187
0.108508404948633
0.110376986825375
0.109426235701226
0.110726104667353
0.108830269040387
0.108978572615864
0.109774328154581
0.110457992526536
0.109990523250417
0.109631259457861
0.110132944333271
0.109253322798814
0.108604629575662
0.109501790652341
0.109645452995106
0.108820284993276
0.111241713240897
0.109010575534443
0.109611453267104
0.110479525687604
0.110078436832823
0.10996634566606
0.109450952963805
0.108795028052474
0.109540917323455
0.109789007402226
0.108660378336021
0.110801389779358
0.110007738985707
0.108004129617757
0.110442611697202
0.109018940546888
0.110625616582369
0.110433059392668
0.110407910387511
0.109857654472098
0.108717368356291
0.108824710354698
0.109461962399539
0.109115704852139
0.11072675228122
0.108540353899391
0.109759648906936
0.109878270180188
0.10965937669324
0.110293390668748
0.109035508668312
0.109747344243468
0.109060711641291
0.109258665613215
0.110664257543083
0.110579797901299
0.1085080811417
0.109256560868148
0.108675921068822
0.110216270650787
0.110406237385022
0.109808165979117
0.110077573347667
0.109928244383569
0.109578586863369
0.10935942353731
0.109279874967349
0.108928706348127
0.110779101068779
0.111107225427911
0.109826730909962
0.109501089070653
0.109262497328593
0.110623673740769
0.109391156616779
0.10983347688774
0.109902987442767
0.109349223618909
0.108020319964424
0.109977085262683
0.109592024851103
0.109079978153826
0.108902154179592
0.109933317358858
0.109117539758095
0.111114565051734
0.109120454020495
0.110084049486334
0.109809029464272
0.109373347235444
0.108965998113285
0.109540323677411
0.109202862885033
0.10981188975885
0.108928328573371
0.10935990924771
0.109726134889334
0.109982266173617
0.109475400387273
0.107493378148213
0.109990847057351
0.108931890449638
0.110316758735771
0.109316141343885
0.109244202236858
0.110374504305553
0.108685149566423
0.109281494002016
0.110061814743577
0.109272751214816
0.110442827568491
0.109364226673488
0.108958280714707
0.109344582386198
0.109827540427296
0.110909649230743
0.109561964774123
0.110659940117304
0.110009789762952
0.108242127713772
0.108898808174614
0.109508698533586
0.109483549528429
0.109324560324152
0.109266760786549
0.109373401203267
0.108224534203726
0.110127331679759
0.108792653468296
0.109536599897677
0.10983153404614
0.109544317296255
0.108127230220253
0.110342987097373
0.110737869652598
0.108793031243052
0.109345068096598
0.110353133047951
0.109668281383908
0.109509669954386
0.10949763513003
0.111022873721772
0.110977055040703
0.109378042435978
0.109774651961514
0.108629454773886
0.109493803414652
0.110866690844251
0.109461908431717
0.109163304471342
0.110308285787682
0.109034321376223
0.10909098758956
0.111710909487327
0.10911743182245
0.109908977871034
0.110695774751262
0.109950047383748
0.110002180300018
0.110621784866991
0.109743188721157
0.109713614354577
0.109828565815918
0.109088774908848
0.11003860858002
0.109422835728425
0.108845973676655
0.110454106843336
0.108962382269196
0.109717661941244
0.110597067604412
0.109796454961694
0.108648829222065
0.109132003134451
0.10905752753978
0.108486170205876
0.108487897176188
0.110153020363139
0.110990493028437
0.109518358773765
0.110333866535417
0.10869405425709
0.108355352204801
0.109902987442767
0.110448332286358
0.109343071287176
0.109454676743538
0.109664665539819
0.109981024913705
0.110406399288488
0.109611183427993
0.109426073797759
0.109580853511902
0.109531958664966
0.109824518229251
0.109517873063365
0.108673330613355
0.109851232301253
0.10895131886564
0.110499169974894
0.110421672182178
0.108559080733703
0.110763288496867
0.109534063410032
0.109100324022805
0.109513015959364
0.110293606540037
0.110872897143807
0.110595718408856
0.109329633299442
0.110298517611859
0.109048353010001
0.110359447283152
0.110593559695967
0.109825273778762
0.108599286761261
0.108692543158067
0.109240262585836
0.109448362508338
0.109653764039729
0.109116622305117
0.110394040657199
0.109061844965558
0.109640487955461
0.109464229048072
0.110127925325804
0.109269998855882
0.110409205615244
0.109411664389225
0.1104149262044
0.110119614281181
0.108999080388309
0.109188669347788
0.10934075067082
0.108996867707598
0.109629478519727
0.109870013103387
0.11084774813865
0.110164839316206
0.110522753913207
0.110283460589458
0.110647311646904
0.10918240908041
0.109445610149405
0.108919477850526
0.109527479335721
0.109837254635296
0.110662206765838
0.109701255723288
0.108740088809448
0.108871932199146
0.109788737563115
0.109924520603835
0.109879403504455
0.110513957158184
0.109025578589022
0.110706676251352
0.110479147912848
0.109118241339784
0.110533763348941
0.109611507234926
0.107693976543426
0.109834934018941
0.108941766561106
0.110489671638182
0.108601283570684
0.107807470873566
0.109424238891803
0.109239237197214
0.10891132870937
0.11000174855744
0.109446581570205
0.109818257961873
0.109252027571081
0.108489246371743
0.10880949142883
0.109692674839554
0.110069909916911
0.108671711578688
0.108771444114161
0.110328631656661
0.109776810674403
0.11004999579051
0.109236376902636
0.108402034371027
0.109972713869083
0.110770142410289
0.10995350132437
0.110082592355134
0.108648127640376
0.109761537780714
0.108914728682171
0.109521219068343
0.11021319448492
0.109787766142315
0.109455648164338
0.109862241736987
0.109354188658554
0.109199408944411
0.110657781404415
0.10958468522728
0.109357210856599
0.109738601456268
0.11013753159816
0.108283682936886
0.10871418425478
0.109102752574805
0.110208607220031
0.110304723911415
0.109679506690931
0.109281763841127
0.109751877540535
0.109567091717235
0.109079870218181
0.109597745440259
0.108847700646966
0.108001377258823
0.110621137253124
0.110958382174212
0.110548496564408
0.10940912790158
0.110108550877625
0.109613450076526
0.108634042038775
0.109224396046101
0.10940718505998
0.108870313164479
0.110084481228912
0.107850213388769
0.110047243431576
0.108541325320191
0.108369761613336
0.109334760242553
0.108541271352369
0.108276936959108
0.108940957043772
0.110398843793377
0.110065214716378
0.109110739812494
0.110297006512837
0.109299141479884
0.108943223692306
0.107974771122466
0.109965913923482
0.109655329106573
0.108907604929637
0.109990685153884
0.110199216818964
0.11009122720669
0.109414254844691
0.1104231832812
0.110356263181641
0.11017293448954
0.109275233734638
0.109519438130209
0.109303674776951
0.10899352170262
0.109469679798117
0.109355645789754
0.110309527047593
0.109715773067466
0.108937125328394
0.109477559100162
0.110322155517994
0.108464583076986
0.110477420942537
0.110863452774917
0.109841410157608
0.109319001638463
0.111761686722019
0.109066971908669
0.109435788005759
0.108696212969979
0.108638683271486
0.108528750817613
0.109601037477414
0.10932402064593
0.109107609678805
0.109846051390319
0.109167729832765
0.109522406360432
0.111159412312003
0.109297630380862
0.110774459836067
0.108310720815821
0.1088465673227
0.110047945013265
0.109334004693042
0.110568788465565
0.109493587543363
0.10975878542178
0.10887884008039
0.110286860562258
0.110374288434264
0.109545018877944
0.108757790255138
0.110300784260393
0.110426637221823
0.110122042833181
0.10944793076576
0.109854038628008
0.10991178419779
0.110106554068202
0.110159712373095
0.109510101696964
0.109484952691807
0.108886395575502
0.109536653865499
0.109003667653198
0.108142934856521
0.109142725455401
0.109066378262625
0.109850098976986
0.109114787399161
0.110663178186638
0.109517333385142
0.109250624407703
0.108967833019241
0.109864400449876
0.109209069184589
0.110295711285103
0.108894220909725
0.109453111676694
0.110441748212046
0.110216162715143
0.109676268621597
0.110067589300555
0.110097109699313
0.109959599688282
0.109427962671537
0.110801012004602
0.108809869203586
0.109706814408977
0.10986256554392
0.109482686043274
0.109369245680955
0.110376447147153
0.10898720746742
0.110283460589458
0.109736388775556
0.109241935588325
0.109050619658535
0.109433791196337
0.110092576402246
0.109857762407742
0.110243092658433
0.10878013293354
0.109040527675779
0.110056903671755
0.109538920514033
0.110532630024674
0.108762377520027
0.110859621059539
0.109460937010917
0.110331491951239
0.109513825476698
0.108959629910262
0.109344366514909
0.11015814730625
0.109934666554414
0.109033188051956
0.10905898467098
0.109054991052135
0.11088023676763
0.109204697790989
0.110376015404575
0.109768931372359
0.10924932917997
0.109303297002195
0.109609834232437
0.109631421361328
0.10957329801679
0.110063433778244
0.110120747605448
0.109514904833142
0.109545936330922
0.110033427669087
0.109805143781072
0.110168778967229
0.108475376641431
0.108911490612837
0.108937341199683
0.109561209224612
0.110162464732028
0.110449465610624
0.110113246078158
0.109041714967868
0.11003326576562
0.110158039370606
0.109317058796863
0.109646208544617
0.109333680886108
0.109562882227101
0.108940201494261
0.110448925932402
0.110028516597264
0.109587437586214
0.110566144042276
0.108507379560011
0.108519792159123
0.110940680728522
0.10997919000775
0.108649530803754
0.108775545668651
0.11000077713664
0.109682906663731
0.109028708722711
0.108597775662239
0.109805413620183
0.110430468937201
0.110728641154998
0.110014754802596
0.109128549193829
0.110726590377753
0.109696236715821
0.110292689087059
0.110080703481356
0.10914360621623
0.109662075084352
0.109696236715821
0.110342933129551
0.110425989607956
0.108606356545973
0.109383816992956
0.109117755629384
0.109441778434026
0.109231789637746
0.10905196885409
0.109947726767392
0.110489563702538
0.110138772858071
0.109571463110835
0.109331522173219
0.109975088453261
0.108826599228476
0.110603058032679
0.110132080848115
0.109580583672791
0.109549174400256
0.108980407521819
0.110097811281002
0.111288125568011
0.109440537174115
0.109527533303543
0.110061221097533
0.107888476574727
0.109858841764187
0.108984293205019
0.109567037749412
0.109864346482054
0.110948937805323
0.109929809450413
0.109214951677212
0.110523725334007
0.10905947038138
0.109963053628904
0.109485222530918
0.109630449940527
0.108594105850328
0.11035189178804
0.108931188867949
0.109342153834198
0.109962783789793
0.109846375197252
0.110127223744115
0.109795105766138
0.109557809251812
0.110551033052053
0.109603034286837
0.109948212477792
0.108728161920736
