"V1"
0.109221601755159
0.109810564592227
0.11026527249601
0.110736474536302
0.110156840513983
0.109486806338835
0.109285282268952
0.109717678282596
0.109781425721023
0.108825374510604
0.10863555480693
0.110143746855234
0.109469662615636
0.110088168225752
0.110005365038983
0.108741100176863
0.110251511947466
0.110283957978237
0.110031714346205
0.108890253465629
0.110119857466796
0.109938430346293
0.109644958205595
0.109521973369279
0.11084048536667
0.109489795918367
0.109599922644437
0.1095254834369
0.110625212015928
0.11063924662918
0.10961910593073
0.108673145448656
0.110141019495046
0.111024659285509
0.109441536454959
0.109166650468977
0.110591194438866
0.109388145336132
0.109207673637204
0.110556527372854
0.109640513345603
0.109092091852159
0.108839526012709
0.109914836328432
0.109363837598531
0.108965230536659
0.109105887308428
0.109649321780157
0.109640077295938
0.110213274082135
0.108523122523667
0.10888802505129
0.110137566137566
0.10905658542909
0.109121386671505
0.108893052550666
0.110065764470127
0.110598445965212
0.108736708904494
0.108461877336305
0.108891401102639
0.110047768086641
0.109722780167945
0.109507395120603
0.109161601040344
0.108505144619531
0.109921858635069
0.108891569776857
0.110635723356832
0.109746159893566
0.110490639470592
0.109065917457439
0.109842993604443
0.108969707962997
0.108022767283371
0.110526077097506
0.110249386798059
0.109779482262704
0.108534220454315
0.109564298238795
0.109073005790338
0.110612092197663
0.108982203047636
0.109932282957644
0.109659743636254
0.11104759528993
0.110028537740433
0.109941280785198
0.110517565465388
0.10843664647904
0.108903388589826
0.109757888281378
0.110020192203866
0.10935682649097
0.110097689790364
0.108933186514234
0.109658537638588
0.110164610919644
0.109068227182
0.108465908354817
0.110467790417455
0.110019341795774
0.109580971812892
0.11000397347275
0.109685757039859
0.109299788508608
0.108994960981626
0.109220144161419
0.110094482237339
0.110609709195171
0.11065528818646
0.109951717896883
0.109992375941668
0.109515492823876
0.109563391264153
0.10965283356223
0.109232708272609
0.110409742782424
0.110662192596623
0.109859687320451
0.109897220260502
0.109021132828443
0.11000170716317
0.109699962426472
0.109541948468123
0.111055478523049
0.110427856570539
0.108643812546556
0.108708073876804
0.111188272105139
0.109452816090837
0.109559223653183
0.110500603579149
0.110063187519304
0.110760550819276
0.10917087787496
0.108110429461101
0.110272074908599
0.110851257963503
0.110070393938216
0.109339280585483
0.111174960211285
0.109850901420748
0.109765910082179
0.109384137782097
0.108845804988662
0.109764388858288
0.108665256707562
0.10973797754556
0.109787376017932
0.108936021352129
0.109767421523792
0.109385398380093
0.109339832730697
0.10858804589361
0.10810464483353
0.109518033395737
0.109568183143207
0.109374946005253
0.110691126169314
0.110074966905723
0.10940503724051
0.108343859921877
0.109533366160651
0.110248320451939
0.110093918762807
0.109099661545573
0.111856443180419
0.109509773435948
0.110816187668082
0.110052670108903
0.109601701745175
0.108940502103254
0.109211680045958
0.109070585288217
0.109274614979313
0.109804124824533
0.110378592051759
0.110273134650686
0.109733109187807
0.108106514244239
0.109787807691809
0.110477314025569
0.110289975744459
0.109432587362762
0.108964830545998
0.109697780599903
0.10908787038357
0.110887439995506
0.110811080735577
0.110478122962253
0.110732153923556
0.109184043635139
0.110090993530549
0.110360814166937
0.110123906705539
0.109705883623809
0.109775152068718
0.109713214507083
0.109392932192152
0.1097978324527
0.110467196582968
0.109459195394853
0.110335402130559
0.110191065946861
0.110015018614012
0.111080532085839
0.109457578996232
0.10951187776698
0.107336409432218
0.110053114051572
0.109031939684123
0.109340069043188
0.110641882041946
0.109226676428917
0.110218811812772
0.109940322326382
0.110079073573836
0.109325936723896
0.110242295267463
0.109825548099884
0.109355484439377
0.110230416836758
0.109286265207049
0.109371713218826
0.108501342126801
0.110020471094297
0.108590533646099
0.110612375986441
0.109048741934648
0.10998364964891
0.110130735891472
0.109773006585498
0.108931567457618
0.109809741888957
0.10865005215656
0.108479747166201
0.109792924516079
0.110629675945124
0.108847187738371
0.10939893666414
0.108441131508376
0.109019936818876
0.109500540953763
0.10889944448047
0.109184321347587
0.11003333462956
0.108866937305586
0.109449084182632
0.110319799771525
0.109533903794582
0.110206009491853
0.109476674247185
0.109967201716998
0.110026369838606
0.109493359248461
0.110348753595398
0.110144530828204
0.11022172700025
0.109507399586297
0.110968685887053
0.108776238427876
0.109747391632058
0.109213597914791
0.109553462054483
0.108917852012658
0.108789896660578
0.109847017439299
0.109551776266062
0.110083382470782
0.108678351169962
0.109229443512177
0.10874869356413
0.109555660646265
0.109074924637005
0.109432724516175
0.109834354436124
0.109307619522881
0.111241624899369
0.109625503341214
0.108171771020914
0.110077575891102
0.109350610085304
0.109912894620311
0.110148011859952
0.110160047331861
0.109659917935428
0.110635528810236
0.10945115236627
0.110084526186586
0.111220246196655
0.109516844833171
0.110458851871057
0.108826562233437
0.109278362201868
0.109359641280782
0.108674309896255
0.10970789821461
0.108867819628418
0.109040306832223
0.109695073094774
0.109455578730994
0.1097965707549
0.110510420041032
0.110071108980505
0.108499884466961
0.109510998242098
0.109820308332847
0.110179365223364
0.109496270953612
0.108702391209987
0.109093500016193
0.109849378459305
0.108993839237128
0.11002124944123
0.109155697845985
0.109236313573048
0.10990214820335
0.110855329971175
0.110561214455373
0.109263927863937
0.110387661935211
0.1092607289163
0.10984693877551
0.11038797545058
0.110191184601562
0.11062831378296
0.110056132324096
0.109963772810712
0.110389566220103
0.109360678796679
0.110454174413859
0.110059569748815
0.109701897808958
0.110757693553612
0.109827327765142
0.110304575324302
0.108503547891132
0.10960494890864
0.109515981705579
0.110374936297755
0.109329427336365
0.107840136054422
0.109470195171361
0.109354451045304
0.110236875122821
0.110328347283045
0.108643927561498
0.108666267232352
0.1100417646538
0.108911271604538
0.109462976757241
0.109077806218881
0.109041205925984
0.109591938534892
0.11087002524222
0.109854299283921
0.109369318598937
0.109261071083005
0.108464630294546
0.109378927049191
0.110246106968478
0.109550154181027
0.110157210486173
0.108832056550049
0.110009776596664
0.109311153149301
0.108823856615773
0.110644368858655
0.109418750040491
0.109273342056511
0.110743060999285
0.109935029602664
0.109998380304503
0.109525213259907
0.109852849991682
0.109558251924024
0.109869637134738
0.10975907530881
0.110312457484921
0.109415525498863
0.110043822997843
0.109914298674789
0.110268032578044
0.108946090340358
0.110417408993437
0.110329030043141
0.109611346920261
0.109423019615973
0.109172865826
0.1099079978571
0.108625689325336
0.109005624466971
0.109341016471889
0.109638250346185
0.109722825300333
0.109420912194279
0.109442608789548
0.110566360234176
0.109804969939707
0.110325756005286
0.109733791947903
0.109481706987941
0.11101738473167
0.111080270132386
0.108708633800475
0.109296262945592
0.108607003538057
0.108991427016239
0.109521865536562
0.111053411341406
0.110419744925733
0.109230589850885
0.109262228701004
0.109679178219447
0.11049309933034
0.110382745657247
0.110107952201698
0.109946187798537
0.108786281822604
0.109237665400915
0.109220089069735
0.110247888552727
0.110165694849368
0.108725012631333
0.109471019421144
0.109479863778989
0.109521380421217
0.109735872036901
0.109847346050176
0.110448901530859
0.107082984798477
0.10911607520889
0.108485732856538
0.108256674699628
0.109381822657865
0.110212666018788
0.110275368140091
0.110476643949798
0.107883516284133
0.110422269892396
0.110112540956874
0.109370349491454
0.109708006184516
0.109918889327986
0.109523161233998
0.109584624159073
0.109418619728354
0.110532825828744
0.109255654100559
0.109449354144125
0.109301735566812
0.108656673878402
0.109699964358617
0.109468896865713
0.110469297307342
0.110262148751765
0.109458379760393
0.10920801629789
0.111143014950669
0.109713270935216
0.111274458953047
0.109089279505171
0.109741648688862
0.110189029590526
0.109731947188306
0.109564622148515
0.109696037145017
0.109789451632619
0.109216989106443
0.10891385852722
0.109040210632264
0.108748107780805
0.10906213020307
0.110169660807954
0.110078914959813
0.110186336811966
0.109724373305684
0.110398503518654
0.109912027072583
0.110264327076138
0.108873663751215
0.110009838289196
0.11040202258401
0.11083058790976
0.10939395903552
0.109962491254438
0.110339036303801
0.109554535322248
0.110639516289362
0.109385738692447
0.110504967066192
0.109609476276899
0.108432188748515
0.109517168772271
0.110072836499011
0.110133493179535
0.108872853903466
0.109116484480694
0.109380472972827
0.109653967246249
0.108539025333048
0.10969346884487
0.111380358492603
0.109605229910006
0.109612876618862
0.110196354072193
0.110638956208447
0.109198427454969
0.109940754225594
0.110182293859905
0.111486013646171
0.109503176979698
0.110443749932528
0.109434419836625
0.10990031766187
0.109747759421229
0.109697841229536
0.109192935744949
0.110729455486167
0.109148688046647
0.109704117592407
0.11014913907113
0.108466604052639
0.110372430009457
0.10859097732992
0.110714987614167
0.108557576660556
0.109683126345636
0.10976182918297
0.109028389940368
0.107560174771002
0.109231967914161
0.110276858699883
0.11068518782445
0.109246812728356
0.109185747751833
0.110665640859518
0.110597246335501
0.110210506424792
0.109382092594872
0.109416124191685
0.109793925732078
0.109764593334499
0.110619151284261
0.110424332530037
0.109400675429107
0.109785246797218
0.109517327214033
0.107913578167116
0.108833643192914
0.109390682628938
0.110595551549111
0.108780099586354
0.110117508978105
0.109076132606945
0.1084344206702
0.10953714441198
0.108736420700779
0.110239564228359
0.109599604398262
0.1107399837174
0.109138950791635
0.109246870464441
0.110476244453801
0.110384599604398
0.109953750197072
0.110010515792042
0.109375297024998
0.108636716058821
0.109493955844627
0.11113949434999
0.108998615323466
0.108517799918807
0.109394241970378
0.110007074274482
0.109148685094135
0.109569397632011
0.108735991221021
0.110040753095616
0.109070166231489
0.108798861861336
0.109378873069133
0.109064559525969
0.109154049810936
0.110902022545703
0.109594101120563
0.109506740990407
0.110166817975488
0.109021220543859
0.109639902155898
0.108729474827711
0.109139870288902
0.109597029722217
0.109036295585579
0.111092197524786
0.109147551461522
0.109626636871026
0.109592967385131
0.109651873447792
0.107516196954972
0.109375283446712
0.11005866271047
0.11015146999432
0.110631381215947
0.110062741312741
0.109428981844496
0.108756089502734
0.110720278315852
0.109978869331053
0.10952856106158
0.109532177950545
0.109161284122737
0.108974454477538
0.109535524789935
0.108494252277705
0.109079506899136
0.110452897142166
0.10925187032419
0.11036606183972
0.108460413913434
0.10928934306191
0.109921337075277
0.1101363877977
0.108989892774014
0.108966796242306
0.109196375933712
0.108967278640097
0.108692932171735
0.10894120734568
0.109213039176291
0.109536784741144
0.109387053233992
0.108830877206626
0.109592166874006
0.109402505333713
0.109345235396113
0.109754778101717
0.108616188835197
0.109855571834833
0.109177541208791
0.110578237462506
0.109008006685193
0.109705888070291
0.109471397264415
0.109787664045395
0.109551137063272
0.110699973211315
0.109314131965139
0.10988813303099
0.109021712367821
0.108754377782672
0.10973142874422
0.110058014861652
0.109814086617778
0.108782380174998
0.109663007982583
0.108650127926936
0.109990777278844
0.11050594563069
0.108913535937254
0.110186283277601
0.109579689018465
0.109300065438666
0.109697494870964
0.109433822559759
0.109689751745254
0.108841778808671
0.108965348523732
0.107954128222407
0.109158917365994
0.108783992399952
0.10913617998104
0.110372382939748
0.110340412249095
0.109788065870281
0.109025330015896
0.109154718171
0.109365820892944
0.110505363944961
0.109914588057445
0.109668664291113
0.109087442037347
0.109769807800688
0.10976380572189
0.110197896218938
0.109411952700543
0.109321508498155
0.109441460064022
0.110095620274046
0.111154496730417
0.109599715810319
0.110129122665992
0.109720953288105
0.108161360062893
0.110396530279081
0.109906904124853
0.109170541429155
0.110412779750028
0.110427856570539
0.110912194553134
0.108954427876165
0.109411598259915
0.108531125232935
0.111291844539022
0.111116653817665
0.110111083032569
0.110641526283128
0.111067649281935
0.110379548644855
0.110337979252117
0.110039702351235
0.10878835978836
0.107934886476156
0.109398288815322
0.109930122579837
0.109180804684818
0.109830143525154
0.109988512001935
0.109700814536341
0.109425435555872
0.11089323771952
0.109140537423297
0.10950011227852
0.109388093292343
0.109139147633298
0.11036215783189
0.108581101797752
0.10950891102791
0.108705400999665
0.109872466715896
0.109691146835656
0.110681405895692
0.109422263826626
0.108256667746464
0.110474570780693
0.108484001202316
0.109569970845481
0.109514092232213
0.110481245530921
0.109578599282281
0.10981787889978
0.109027426843753
0.109427947107709
0.109145127184997
0.108657203754932
0.108956777287617
0.109268321911153
0.10980890406226
0.110176525778968
0.109867262849799
0.10845510682169
0.110192089260881
0.110102976163465
0.108945012083476
0.109154181948566
0.110896538916673
0.109961129512833
0.110685344529684
0.10955134185
0.1099876931049
0.109602047912779
0.110497590111684
0.110180512275655
0.111101320063584
0.109359803235642
0.110200069138363
0.109943904545945
0.109724750632192
0.109243167204308
0.110620268066401
0.10967066191556
0.108624380606924
0.109050761541917
0.108765693990133
0.109807443931854
0.109973706943095
0.110567184006739
0.110200395565862
0.110606526860892
0.108958422400428
0.108207062527532
0.109389009095385
0.109146221637719
0.11016993536042
0.108717112020777
0.109930029154519
0.111684215303622
0.108638826043645
0.108429703672012
0.109635342437356
0.110300580256591
0.109098107076966
0.110506314211404
0.109146968528349
0.110549925703228
0.110993130643033
0.110265333575164
0.107863880179316
0.10932119480598
0.108755762109877
0.110172389590757
0.108571709331381
0.110646108901527
0.109723158385939
0.110500146825757
0.110168029741383
0.109781808128522
0.109448564735348
0.109463454346005
0.10897117350032
0.109720890714135
0.109165549127456
0.110666936615916
0.108802331709171
0.111586297102764
0.10830007558579
0.111218949969971
0.110120316668287
0.109366144861428
0.108909452084981
0.109122915600029
0.110423509569807
0.109034934309249
0.110669137914647
0.11049116590224
0.10858811143505
0.109552958754918
0.110398740410533
0.10979314753978
0.110143718742712
0.109745606190217
0.110022909136449
0.109444948235472
0.108443035733181
0.110107199533633
0.109222882547748
0.108748102170706
0.109597276382213
0.11013786222847
0.11038579096869
0.109420017496679
0.10978332696282
0.109105213157582
0.110614035655982
0.109861438679245
0.10942344239283
0.108048804449684
0.109425219586678
0.109104997247142
0.109977499071459
0.109058879287636
0.110106037245299
0.109662102616607
0.109689111450856
0.108988740387543
0.108921117448794
0.109308537054071
0.109652413346291
0.109331165002624
0.109395055410156
0.109546920323897
0.111409738060681
0.110790472302854
0.107684881000978
0.110343139160253
0.109667602237592
0.108908137197104
0.109391054503521
0.10964306228568
0.108604665243782
0.110176199983578
0.109498649112691
0.109320849999028
0.110262625215218
0.109948316227797
0.11006238142775
0.110272492890504
0.109294093130427
0.110034769463341
0.110060204019936
0.108678697741906
0.10859992312194
0.110418704691073
0.108192229462747
0.109902501636857
0.11007326007326
0.110132875291677
0.110027435153274
0.110150606117543
0.10948056169268
0.109731663588547
0.110310171687723
0.109550817922341
0.11013442237397
0.108214798734191
0.109255096797039
0.109545622412419
0.108772966856901
0.109996911500449
0.108568362504156
0.10951452411184
0.109580866444701
0.109582928409459
0.108895933084105
0.109745363772209
0.110053912637537
0.110332866818716
0.109205175880157
0.109704251785525
0.110100956096465
0.110384869529165
0.108416836696138
0.109468626891976
0.109635450407262
0.11061228348839
0.109257261634813
0.109785282366915
0.110364476009037
0.110269807437736
0.110369414193504
0.10863540654357
0.109521865977356
0.109129504453417
0.110596474518875
0.110777627889581
0.110255156030666
0.107355203013886
0.109143379788307
0.110030472128966
0.108527940265119
0.108151571344282
0.109877459079237
0.110647719248236
0.110159432026779
0.109235380997726
0.109062262423111
0.109265863110097
0.108646573904252
0.10889793357822
0.10970187612439
0.108169561835624
0.109950078720771
0.108995074859544
0.109206957464406
0.109961445694679
0.109098878510323
0.108037954864485
0.109762217888833
0.1106933395524
0.109544780411029
0.109655472854357
0.109581136344989
0.110654227211255
0.109946692839759
0.109381714683062
0.108852060871518
0.110033103284407
0.110919584929385
0.110314365180137
0.109934348342512
0.110004221623349
0.10903164015402
0.110111436430925
0.109008058907134
0.109862495762373
0.108420022425739
0.108613324694957
0.109394041465321
0.108361028870303
0.110149745025238
0.109584426379938
0.108771480835974
0.109369304587425
0.110465577034369
0.109477648202138
0.108900715192662
0.109986064298678
0.110843836740866
0.110297902430072
0.108777845438919
0.110579161376141
0.109975497980852
0.110091350826045
0.109824087450952
0.110637357155814
0.109033099070506
0.108920850179695
0.108062532527409
0.110485067284259
0.108829428078952
0.109914316388867
0.110730155131651
0.110623146714353
0.109882809463346
0.109671606554261
0.110074597057141
0.109803194326572
0.108596959981
0.110089237110195
