"V1"
0.111117587249778
0.113125406107862
0.109737468132001
0.111552837736028
0.110533763348941
0.111320128486591
0.111527203020471
0.110371590043153
0.110900960411364
0.112484430283288
0.113139437741641
0.110708888932063
0.113742528155013
0.112672238304633
0.112384212037415
0.11257250576916
0.11112951413849
0.112480004921865
0.111359255157705
0.112516757008801
0.11175802339613
0.113751109038747
0.111792185027599
0.111711880908127
0.111939840989209
0.114016360884986
0.112270858835442
0.112122360163976
0.112222686345493
0.113161564548753
0.110080865384823
0.11208997947064
0.111816524515423
0.111051800474485
0.112976562854164
0.113560494690646
0.110776348709845
0.112239416370383
0.111391905690151
0.112490042936799
0.110232460997455
0.109653979911018
0.112108760272775
0.111782848594354
0.111249376671653
0.110703708021129
0.10915040616183
0.110270454344302
0.110818281707715
0.110867014651184
0.108285517842841
0.112744123443838
0.112644876618765
0.113217799019513
0.112346164722746
0.11100171833546
0.112986537045793
0.110056148122244
0.111445603673266
0.111264001951476
0.111967580449833
0.109798613674583
0.111865419362359
0.113358061389477
0.111412629333886
0.109129034904229
0.110962267857413
0.111567355080207
0.112533648937158
0.110831719695449
0.109201135914722
0.111862882874715
0.112039735428148
0.112888109593536
0.112406069005416
0.111207227802495
0.111657967053724
0.109958520331837
0.111026003855461
0.112401751579638
0.111889704882361
0.112312704672966
0.110225337244921
0.112928315621094
0.113877501678399
0.109880590796543
0.112653457502499
0.113919488644091
0.111832337087335
0.112346164722746
0.112055008321838
0.111602326229009
0.111658884506702
0.110058036996021
0.111978805756856
0.10915574897623
0.109367356807177
0.111517650715937
0.113767623192348
0.110347304523151
0.112532947355469
0.112875265251846
0.112533648937158
0.110893836658831
0.111058978194841
0.111184129574582
0.109820146835651
0.10898310591293
0.112006383314013
0.114370821541364
0.113253957460404
0.112005303957568
0.108830044236038
0.112733545750682
0.113588665893847
0.112267317734474
0.111896774667072
0.112975861272475
0.111736598170707
0.110431386390179
0.111248513186498
0.111348623496726
0.113273062069472
0.112395653215727
0.110753304449755
0.108574299659571
0.110775323321223
0.110096731924557
0.11338601672139
0.113487584162819
0.111966501093388
0.113864819240176
0.114680273034006
0.111814905480756
0.110698796949307
0.110442341858091
0.112326088692878
0.10959461530657
0.111982043826189
0.111926726808408
0.108255943476262
0.111177869307204
0.111891971530894
0.113440038511438
0.112471585941598
0.11385181299502
0.111942755251609
0.110439967273913
0.112222686345493
0.112873592249357
0.111063781331019
0.111390070784196
0.111860238451426
0.111020445169772
0.112848335308556
0.109746966468713
0.109013975507244
0.110547255304497
0.111297839776012
0.112985629448298
0.110847802106472
0.111249970317698
0.112259114625496
0.108981594813908
0.110013675446152
0.112019443526991
0.112778770785707
0.111489047770158
0.11241610702035
0.111169504294759
0.112432998948707
0.110961026597502
0.113291087322095
0.111353966311127
0.109668713126485
0.110879589153763
0.110580175676055
0.113498701534197
0.113525145767088
0.113806533992173
0.108505814493167
0.111687541420304
0.110397062855243
0.108306997036087
0.11218355967438
0.112338555259812
0.113867733502576
0.111650411558612
0.113069657347503
0.111854409926625
0.112393332599371
0.109049162527335
0.112667866911033
0.113556123297045
0.111680741474703
0.110129976103048
0.110784821657935
0.111669235651464
0.111260224203921
0.110828805433049
0.112024084759703
0.111811559475778
0.110515576192851
0.111467136834334
0.111229732384363
0.112658422542143
0.112657882863921
0.11229171119012
0.111672268526614
0.112478331919376
0.112265212989407
0.112605534076362
0.109676538460708
0.110466681345914
0.111012673803371
0.111121688804267
0.112524042664802
0.112561982043826
0.11252064456376
0.113528977482466
0.114129801247304
0.108352869684979
0.111095622346132
0.111625208585633
0.111560339263318
0.109079762282537
0.110723891986642
0.111838705290358
0.111185370834494
0.112759989983572
0.111385591454951
0.110543585492586
0.114038217852987
0.112549299605603
0.114120194974948
0.111587431110075
0.111762178918442
0.109897590660545
0.109969907542327
0.111092222373332
0.112477036691643
0.113095130159594
0.11330090946574
0.111405590888092
0.11282542848939
0.111861641614804
0.110313196859504
0.11308266359266
0.112640936967742
0.111537672777983
0.111545282240917
0.110933449040344
0.112879528709802
0.11298714054732
0.109316411182996
0.1109396553399
0.112059541618905
0.110021554748197
0.112374497829414
0.110233108611322
0.110624267386813
0.108538465025613
0.112759989983572
0.113237713145914
0.111644690969456
0.112926048972561
0.111551596476117
0.111171393168537
0.110434300652579
0.108463341817075
0.113049905124569
0.111601084969098
0.112528468026224
0.112008757898191
0.111713338039327
0.111212894423829
0.113874803287288
0.112515623684534
0.11036036473613
0.111721055437906
0.111175602658671
0.110880614542385
0.111311601570679
0.111117047571556
0.112077297032417
0.108995572479865
0.112259060657673
0.111421048314153
0.112909696722426
0.111098104865955
0.114453014534614
0.112745796446327
0.112752920198861
0.111818035614445
0.112198130986381
0.111133129982579
0.111296220741345
0.112207899162204
0.110247032309456
0.10993774272028
0.112086471562196
0.110041954584998
0.11053883632423
0.112068176470461
0.111120879286934
0.110157391756739
0.11359114841367
0.11305357493648
0.112983416767586
0.10844963399023
0.111451756005
0.11218355967438
0.111451162358955
0.111787166020132
0.110239260943055
0.108676892489622
0.110325231683861
0.111127409393423
0.112435319565063
0.110858379799628
0.113824463457233
0.111633033919856
0.111530710928916
0.111865419362359
0.112479303340176
0.110739434719443
0.111217643592185
0.112195864337847
0.112194029431892
0.111242468790408
0.111586189850164
0.112218045112782
0.111986792994545
0.112170499461401
0.110614067468413
0.113161348677465
0.113027562446167
0.111533085513094
0.110121395219314
0.112973108913541
0.111353858375482
0.112419668896617
0.111140577542046
0.109879943182677
0.111958244016588
0.110307098495593
0.109769363114936
0.108948026828484
0.111819330842179
0.109942006178236
0.109915723848812
0.110419945211867
0.111650249655146
0.110953039359812
0.111543501302783
0.111374959793972
0.111838381483424
0.111387966039129
0.109964186953171
0.110368837684219
0.111185964480538
0.112984873898787
0.112387504074571
0.111027568922306
0.113089571473904
0.111316998352902
0.111220611822407
0.112958267762429
0.109843191095741
0.113253849524759
0.11396795174845
0.113120656939506
0.111223148310052
0.112039627492504
0.110472563838537
0.109702181262386
0.111866660622271
0.11430670776856
0.112487128674399
0.112932363207761
0.112323498237411
0.111311601570679
0.113171386692399
0.111997964333746
0.109049756173379
0.111669947910258
0.110384758191776
0.110611261141657
0.110104287419669
0.111796880228133
0.113509980809042
0.110555728252587
0.109870660717254
0.11268767310179
0.111989599321301
0.110837440284605
0.110882341512696
0.110924284030413
0.111161355153603
0.109769363114936
0.109220942105479
0.111311601570679
0.113191084947511
0.112338825098923
0.114202064161264
0.113659903419185
0.112056843227794
0.110670140035705
0.113473498561218
0.112014748326458
0.111921707800941
0.110610343688679
0.112557988424981
0.112293761967365
0.110387888325465
0.11124516718152
0.110080487610067
0.111193735846939
0.112379700270715
0.10714825392508
0.111449759195577
0.110221019819143
0.111437400564288
0.113332804448676
0.109794404184449
0.111707887289283
0.109895431947656
0.11050634769525
0.11288773181878
0.110605162777745
0.113738480568346
0.110406345320666
0.112913798276915
0.110536083965297
0.113245214673203
0.113437609959438
0.112910398304115
0.111017800746483
0.110916719015454
0.112187391389758
0.110317892060038
0.111400864348641
0.111124387195379
0.112271904999363
0.111038416454573
0.110428795934712
0.113235824272136
0.113769943808704
0.110814503960159
0.112474122429243
0.112099100032597
0.108616070753974
0.111245059245875
0.111585973978875
0.111022603882661
0.110439751402624
0.111887330298183
0.114493598336928
0.111745988571774
0.110828859400871
0.111518838008026
0.111623319711855
0.111149374297069
0.110357504441552
0.110008980245618
0.11306328914448
0.112798630944286
0.110653302075171
0.112130725176421
0.111450352841622
0.109431632483448
0.112177677181757
0.113060698689014
0.11112174277209
0.112195702434381
0.109932993551925
0.111419051504731
0.110013675446152
0.111042086266484
0.110209362769542
0.113476682662729
0.112767869285617
0.111353426632904
0.112374497829414
0.111839298936402
0.111572104248563
0.112199210342825
0.110561017099165
0.111138148990046
0.112842560751577
0.113471771590907
0.111684519222259
0.1130201148867
0.112602403942673
0.112177785117402
0.110624105483347
0.112783034243663
0.112576607323649
0.111818035614445
0.112098668290019
0.11188193351596
0.113378839001034
0.1109372267879
0.109690192319731
0.114228076651577
0.110073201954067
0.110737923620421
0.113397727738813
0.112353450378746
0.111896342924495
0.111043057687285
0.112505531701778
0.111143437836624
0.111607399204298
0.109251002182459
0.110653302075171
0.11357150412638
0.111519863396648
0.112361005873858
0.111475879621534
0.112972623203141
0.113273277940761
0.113484507996952
0.111721972890884
0.109696776394043
0.110320968225905
0.110595880312323
0.110691133518551
0.109778159869959
0.112307739633321
0.111923650642541
0.10896394733604
0.108995572479865
0.112433106884351
0.110878617732963
0.110872951111629
0.109409991386736
0.110698419174551
0.11126189720641
0.110395929530976
0.111964936026544
0.111660017830968
0.113240843279603
0.111939840989209
0.114211076787576
0.111833524379424
0.111754677391152
0.112495331783377
0.110508712960204
0.111969199484499
0.111323960201969
0.113168209206882
0.111769626477909
0.109618792890927
0.110941436278034
0.111644690969456
0.111096269959999
0.111928669650008
0.112213889590471
0.111474422490334
0.113408035592858
0.109609078682926
0.112168070909401
0.112320637942833
0.109939523658414
0.112809046733975
0.109394448653935
0.113443924194638
0.1109372267879
0.11330090946574
0.112846176595667
0.111234913295297
0.109540755419988
0.111347867947215
0.112382808874037
0.111309173018679
0.112591556410406
0.109903473153167
0.108945382405195
0.110636733953747
0.110678451080328
0.110039741904287
0.109628615034572
0.111813394381734
0.111437400564288
0.112530356900002
0.111783766047332
0.11185646070387
0.111396223115929
0.109592780400614
0.110401056474088
0.110992813644792
0.112654374955477
0.108489192403921
0.109519599461112
0.111352994890327
0.111577878805541
0.112599219841162
0.110976623298125
0.111026463901968
0.111862882874715
0.11063074352548
0.110754221902733
0.110435002234268
0.108051837172604
0.111903790483962
0.109379445599356
0.112472287523287
0.11028448597808
0.111530495057627
0.11226359395474
0.113310893512852
0.110681365342728
0.110520919007251
0.11310085074875
0.109658027497685
0.110432411778801
0.110674565397128
0.111521374495671
0.110156042561183
0.109127199998273
0.111769464574442
0.11077937090789
0.111005172276082
0.112582112041516
0.109693067960285
0.111831311698713
0.110545528334186
0.110998426298304
0.112648006752454
0.111602326229009
0.109383655089489
0.109252783120592
0.111266106696543
0.111684087479681
0.113089031795682
0.111598278642342
0.110398412050799
0.111700115922882
0.112642933777165
0.112400078577149
0.111039981521418
0.113091838122438
0.111103933390755
0.114018681501342
0.109597259729859
0.11166660190528
0.111988250125745
0.11227983826923
0.112373580376436
0.112396732572171
0.110418703951956
0.110944944186478
0.111678258954881
0.113845120985064
0.109416683396692
0.112295920680254
0.110966639251013
0.113599297554826
0.109432495968604
0.114438874965191
0.110588864495433
0.111136422019735
0.112372177213058
0.110825459428071
0.111637405313456
0.108218759646748
0.113742258315902
0.111961859860677
0.112944074225184
0.112403316646483
0.110752117157666
0.113218878375957
0.107831270683168
0.111134910920713
0.113360597877122
0.112151664691444
0.11288773181878
0.109595154984792
0.110717415847975
0.112372177213058
0.111850470275603
0.113521206116065
0.110084157421979
0.110719628528686
0.110093439887402
0.112870462115668
0.11209553815633
0.11257396290036
0.111854409926625
0.113081044557993
0.107957501419354
0.112851573377889
0.110146868031405
0.110575264604232
0.112374497829414
0.112786704055574
0.109788089949249
0.112511791969156
0.112739644114593
0.112221499053404
0.111669235651464
0.113612141896516
0.110363548837641
0.111439343405888
0.111877777993649
0.112998311886521
0.11143891166331
0.113218338697735
0.112294571484698
0.108470033827031
0.110660911538105
0.109258287838459
0.111661528929991
0.109013975507244
0.111537672777983
0.11062102931748
0.109964025049704
0.112275304972163
0.11066927655055
0.112208816615181
0.112623829168097
0.111888085847694
0.112752164649349
0.111437562467754
0.112840563942155
0.112127595042732
0.113135336187152
0.108252921278217
0.110809053210114
0.112126515686287
0.109623811898394
0.113577980265047
0.111272151092633
0.110511096863606
0.112499433337867
0.110862481354117
0.110329441173994
0.111397896118418
0.111713931685372
0.109890358972366
0.113005705478166
0.10998841850535
0.113304544286772
0.112972299396208
0.113367074015789
0.113089517506082
0.107903047886728
0.112856106674956
0.111379870865795
0.112578927940005
0.109434438810204
0.111913018981562
0.107204278093338
0.111652030593279
0.113410787951792
0.111833578347246
0.111435781529621
0.112420154607017
0.109455270389583
0.112896150799048
0.113284395312139
0.112121094357221
0.110613419854546
0.113512625232331
0.111615116602877
0.110780666135623
0.11306086059248
0.109815721474228
0.110795183479802
0.111519863396648
0.112079347809662
0.112697495245435
0.113358223292944
0.109838711766496
0.111875457377293
0.110393123204221
0.110887198616697
0.109727430117067
0.110270832119057
0.111445010027221
0.112760151887039
0.114274381043047
0.111069771759286
0.110619410282813
0.111234157745786
0.112340660004879
0.114375624677542
0.109258017999348
0.11346675258344
0.113713925209233
0.112090896923618
0.111431733942954
0.112258628915096
0.110261171878879
0.10976072826338
0.111072416182575
0.110496957294183
0.114002437186852
0.113284395312139
0.111175386787382
0.110212654806698
0.111382731160373
0.110018910324908
0.111501730208381
0.109961326658593
0.111898069894806
0.110492154158005
0.112221337149938
0.109366763161133
0.112527982315824
0.109517117513854
0.111959323373032
0.112392631017682
0.112441903639374
0.113653805055274
0.109101403379249
0.110819684871092
0.109522946038654
0.111675560563769
0.112576499388005
0.110772463026645
0.110580175676055
0.11121753565654
0.111348623496726
0.110973277293147
0.109981564591928
0.111348677464549
0.111220611822407
0.109667903609152
0.111023899110394
0.111756350393641
0.109377718629045
0.10982327696934
0.111968228063699
0.109530663437232
0.111318077709347
0.112358361450569
0.109725217436356
0.113384531851458
0.111384242259395
0.110816500769581
0.111909133298362
0.112254095618029
0.113921215614402
0.110425827704489
0.112301533333765
0.11309987932795
0.113305442762807
0.110029757857175
0.11248156998871
0.112981851700742
0.111951552006632
0.11015183307105
0.110043465684021
0.110728964961931
0.10940475650798
0.110125982484204
0.11260790866054
0.112751463067661
0.111872381211426
0.11239111991866
0.113994018206585
0.109705249342132
0.112583839011828
0.111723807796839
0.110555728252587
0.111823378428846
0.112969277198163
0.112047506794549
0.108984239237197
0.112213727687004
0.10879637724803
0.111151694913425
0.111112892049245
0.110533331606363
0.112213134040959
0.112423392676351
0.112029427574103
0.112845852788733
0.110494960484761
0.112896150799048
0.111022441979194
0.112357592989592
0.112853462251667
0.111419483247309
0.110792916831269
0.111334214088192
0.111942377476853
0.111385537487129
0.111949771068498
0.10974545536969
0.11268573026019
0.112358739225324
0.111982043826189
0.109048245074357
0.110172502746962
0.112687079455745
0.113698490412077
0.110693508102729
0.113140031387685
0.110189394675319
0.111931314073297
0.110915963465943
0.112643743294498
0.113371121602456
0.110395605724043
0.113038409978434
0.111385429551484
0.110941436278034
0.112539099687203
0.112568242311204
0.109993869255395
0.110242067269811
0.110806408786825
0.111632764080744
0.110359501250974
0.110016643676374
0.110407316741466
0.110858487735273
0.111400864348641
0.111822730814979
0.11187853354316
0.110405535803333
0.111888193783339
0.112053443254994
0.111085314492087
0.110131972912471
0.112219124469226
0.111749172673285
0.110668413065394
0.111574640736207
0.111688728712393
0.110552436215431
0.110992813644792
0.113178996155332
0.111343928296193
0.108437869004984
0.111720515759683
0.11165618611559
0.109720576203644
0.112776773976284
0.110139042697182
0.111041816427373
0.108815104082342
0.112856754288823
0.113237713145914
0.112194677045758
0.112396300829593
0.110990277157148
0.110390424813109
0.112559229684893
0.114171086631307
0.114363266046253
0.110831341920693
0.111450946487666
0.110675051107528
0.113267881158538
0.11067559078575
0.113493844430197
0.113327677505564
0.111217589624362
0.110930210971011
0.110770736056334
0.114431494590854
0.112098560354374
0.11186833362476
0.110160306019139
0.111748255220307
0.111753274227774
0.111587161270964
0.111280192298144
0.112701812671213
0.110469865447426
0.110654705238549
0.110852983017406
0.111937520372853
0.114102385593614
0.111002473884971
0.112084043010196
0.110204235826431
0.111920034798452
0.111390502526773
0.109482632075451
0.111989167578723
0.113905025267734
0.112544712340714
0.112473312911909
0.111217427720896
0.111155418693158
0.112460738409331
0.109317004829041
0.112207791226559
0.111820356230801
0.112368777240258
0.110932531587366
0.111833578347246
0.113163723261642
0.113575767584336
0.110198083494697
