"V1"
0.106701454324873
0.106553474556331
0.107478590964923
0.1055508063872
0.107338760337536
0.107993605892423
0.107140050816101
0.10895374741764
0.107379560011139
0.106057456302254
0.107225697749974
0.108281038513597
0.107924635015618
0.106338304849117
0.106783701285945
0.106828602514037
0.109892571653078
0.106541601635441
0.106970699789957
0.107733427021473
0.106290111583869
0.106747003166832
0.106930601698044
0.106075913297456
0.107132225481879
0.108183194851902
0.107819721569212
0.107702773298449
0.106866433957417
0.107604335990709
0.107291862300022
0.107274808468199
0.105910825729267
0.106502420996505
0.107043826189073
0.106223137516487
0.106979658448447
0.10511701303215
0.108012980340602
0.11068697799624
0.105586317214224
0.10913367613694
0.10858180118686
0.107652043545556
0.10648121164237
0.10791788903784
0.108059284732071
0.108268140204085
0.107575625109285
0.108677917878244
0.106196369476663
0.107281554445977
0.108193232866835
0.106716619282919
0.106086005280212
0.108030196075892
0.10732526838198
0.105712709853877
0.106571014098554
0.107280097314777
0.107649614993556
0.106130906508303
0.108010497820779
0.107837962693124
0.106527192226907
0.109070371881469
0.106772475978922
0.10617542996164
0.107402118560829
0.107368820414516
0.107684909949292
0.10693972226
0.106229721590799
0.107874498908771
0.110033373701264
0.107725979462006
0.106110236832391
0.108869989357545
0.106673445025138
0.108036996021492
0.105891829055844
0.106823421603103
0.105693983019564
0.10822340087946
0.10789338764655
0.106026748611408
0.10685315787315
0.107459054613277
0.106317419301915
0.106177804545818
0.106939992099111
0.105266503899715
0.107856311752681
0.108059284732071
0.10782646754699
0.10652460177144
0.106376136292497
0.1072893797802
0.107619554916577
0.106823421603103
0.104865954723156
0.107397801135051
0.106909608215198
0.105930631920024
0.105508279743286
0.107889555931172
0.107117654169878
0.109661373502663
0.106371009349386
0.104779444304128
0.107608599448665
0.106747003166832
0.105481835510395
0.107159209392992
0.105635373964627
0.10777287749952
0.105894473479133
0.106483262419615
0.107778652056498
0.106026910514875
0.106315314556849
0.109271078212327
0.110397386662177
0.107030927879561
0.107560244279951
0.109140206243429
0.107435956385365
0.108258695835195
0.107706874852938
0.108605600996462
0.106055837267588
0.104836326388754
0.105481835510395
0.106963468101779
0.10752748581186
0.105172114178642
0.106651749960603
0.10900296607151
0.10616744272395
0.103808779053577
0.105815140780461
0.106637718326825
0.106235226308666
0.108860922763412
0.107417931132741
0.10719892971015
0.109179278946721
0.105954431729626
0.107069083129875
0.105488527520351
0.107246745200642
0.105729116071833
0.107632615129555
0.108257130768351
0.10583742949104
0.105829010510773
0.106686289366828
0.107246853136286
0.107528187393548
0.106425408914189
0.10724647536153
0.105968085588649
0.106419202614633
0.107748268172585
0.107229367561885
0.105594196516269
0.107452902281544
0.107166279177703
0.105669427660452
0.110590321626633
0.105974561727316
0.107882216307349
0.107650370543067
0.108492268569788
0.106066360992922
0.107504819326525
0.106504309870283
0.105575253810668
0.105490092587196
0.107979736162111
0.10794552056282
0.106928173146043
0.106663353042382
0.106337063589206
0.108494697121788
0.105750487329435
0.105478003795017
0.107500178093813
0.107468229143056
0.107219815257351
0.106890395670485
0.107543568222883
0.106872100578751
0.105606285308448
0.108171591770123
0.107475568766878
0.10856264260997
0.107044419835118
0.106709603466029
0.107311668490779
0.105686319588808
0.107612161324932
0.106761574478833
0.106952836440801
0.107616316847243
0.106269981586179
0.106110236832391
0.108121995341498
0.105360246006921
0.106266689549023
0.10586506101602
0.106457573736236
0.10586166104322
0.105374547479811
0.106298800403248
0.10650981458815
0.108341320571023
0.105416750316791
0.105957993605892
0.108781967839495
0.107039508763295
0.109210256476678
0.107479400482256
0.108507973206056
0.106631188220336
0.10916373621392
0.107176047353526
0.108198467745591
0.10690674792062
0.106384717176231
0.107220570806862
0.106762545899633
0.10647878309037
0.10808761783874
0.105679627578852
0.108560807704015
0.107835965883702
0.107384147276028
0.107368820414516
0.106690013146561
0.107864352958192
0.105548215931733
0.108730752376203
0.106148553986171
0.108446126081785
0.108134138101498
0.106634642160958
0.106776901340345
0.106583588601132
0.106088811606967
0.105931117630424
0.10661068044789
0.107531911173282
0.105638018387916
0.10751124149737
0.106050224614076
0.105955079343492
0.106944255557067
0.105574444293335
0.105170441176153
0.107066978384808
0.109045007005023
0.107297097178778
0.105429648626303
0.107560244279951
0.10823165795626
0.105974129984738
0.106260267378178
0.106183579102796
0.107379560011139
0.107333903233536
0.105964415776737
0.107680430620047
0.106866919667817
0.106290975069025
0.106140944523237
0.105884921174599
0.106381641010364
0.107535958759949
0.106033548557008
0.107162879204903
0.105447673878926
0.106652451542292
0.106477703733926
0.107875362393926
0.105253497654558
0.107263906968109
0.105652751603384
0.106932112797066
0.108094147945229
0.107193964670505
0.106359460235429
0.107617720010621
0.105339090620608
0.109215221516323
0.106556712625664
0.107838826178279
0.107960253778287
0.105574552228979
0.109321322254819
0.106537769920063
0.107043880156895
0.107736880962095
0.105797385366949
0.10706606093183
0.106711816146741
0.105034766071078
0.106742253998476
0.106453688053035
0.107104917763832
0.108250222887106
0.107249551527397
0.106719533545319
0.106483208451793
0.109179440850187
0.105750595265079
0.108246067364794
0.108028846880336
0.106630432670824
0.109991656574684
0.106779977506212
0.108175531421145
0.106224324808576
0.106587042541755
0.108253784763373
0.105822102629528
0.107007775683826
0.108353031588446
0.107017220052716
0.106610842351356
0.108186378953413
0.108618769145085
0.108408618445338
0.105874829191843
0.104713063882791
0.106875068808973
0.106589039351177
0.107500178093813
0.107138971459657
0.107087540125076
0.106391139347076
0.105360246006921
0.106671879958294
0.108059338699894
0.106650886475448
0.107049870585162
0.107361912533271
0.108076824274295
0.106313371715249
0.107102273340543
0.105881143427043
0.106859526076172
0.106807986805947
0.107976659996244
0.106496754375171
0.107788312296676
0.10594822543007
0.10569484650472
0.107309671681357
0.104807885346441
0.109984478854328
0.107160180813792
0.107645891213823
0.107109019318322
0.10836064105138
0.105915790768912
0.106978147349424
0.107947517372242
0.106263073704934
0.106145909562882
0.106393891706009
0.103846502561313
0.107413721642608
0.10865962278651
0.107308160582334
0.107119758914945
0.107057641951563
0.107289055973267
0.107080524308186
0.106803669380169
0.106728546171631
0.10507070864068
0.106822504150126
0.106634912000069
0.108181090106835
0.106693467087184
0.107936130161752
0.107083492538409
0.107743141229473
0.106163341169461
0.107003728097159
0.106339708012495
0.10628698145018
0.107776169536675
0.108596426466684
0.107044419835118
0.109253484702281
0.107741468226984
0.10533088751163
0.107807470873566
0.107725655655072
0.106981331450936
0.106245210355777
0.106417961354722
0.106537769920063
0.107845086445658
0.105821077240906
0.106869186316351
0.106211048724309
0.105905428947045
0.109558079090923
0.106350771416051
0.108755199799671
0.109923872989968
0.111588996176919
0.107591923391597
0.108045576905226
0.107902508208506
0.107277938601888
0.108121995341498
0.106948896789778
0.108621683407485
0.106174242669551
0.112581734266761
0.106537769920063
0.106921966846487
0.105884273560732
0.108143582470388
0.105391061633412
0.106871398997062
0.107494943215057
0.105458791250305
0.10862907699913
0.105848277023308
0.106087084636656
0.10870884144038
0.108864916382256
0.107741576162629
0.105630624796271
0.107818210470189
0.108820231025453
0.108494589186144
0.107152193576102
0.109220024652501
0.107423813625364
0.106395348837209
0.10532360185563
0.105468505458306
0.107547723745194
0.107059099082763
0.108581747219038
0.105981037865983
0.109650957712973
0.105885622756288
0.105665056266851
0.108157182361589
0.108557839473792
0.106071973646433
0.104744149348393
0.107151276123124
0.108705873210157
0.10651467169215
0.107665319629824
0.108848780003411
0.108221565973504
0.106350339673473
0.107907904990728
0.106110776510613
0.10632384147276
0.107355760201537
0.106191566340485
0.106865462536617
0.107225158071751
0.108784234488029
0.106856341974661
0.108785691619229
0.10869648280909
0.105854213483752
0.106560598308864
0.107771798143075
0.105247777065403
0.105865600694242
0.107622037436399
0.106533182655174
0.108911166805904
0.108121725502386
0.107699751100404
0.106503662256416
0.107651341963867
0.105826797830062
0.106056215042343
0.108710676346335
0.107299903505534
0.109837038764007
0.106325946217827
0.108605277189529
0.109248735533925
0.107361264919404
0.107429696117987
0.106292648071514
0.107038861149428
0.107929168312685
0.109987285181084
0.105504394060086
0.107060178439207
0.107321436666602
0.107546266613994
0.105038651754278
0.108224318332437
0.10906432748538
0.110234673678166
0.105504717867019
0.107362991889716
0.107992742407267
0.106713597084874
0.106654016609137
0.106673445025138
0.107644002340045
0.106136842968748
0.106048929386343
0.108535011084991
0.10718899963086
0.107192939281883
0.10751124149737
0.105605529758937
0.107712001796049
0.106894173418041
0.104886840270357
0.106213099501553
0.106577975947621
0.107890365448505
0.104682410159766
0.108364688638046
0.10618174419684
0.106085681473278
0.104767625351061
0.10674381906532
0.105257437305581
0.106553960266731
0.108569550491215
0.107758468090985
0.107117977976811
0.107131793739301
0.108427938925695
0.107161853816281
0.105859448362508
0.10737934413985
0.106890341702663
0.109606218388348
0.10653043029624
0.110290746245459
0.106651048378915
0.107834616688146
0.105590148929602
0.106826443801148
0.107967647369932
0.106956074510134
0.106782136219101
0.106395402805032
0.107878546495438
0.106628975539624
0.104668162654699
0.10601805979203
0.108631775390241
0.105884921174599
0.108894544716658
0.109085320968226
0.106966490299824
0.105726309745078
0.105076159390725
0.107138431781435
0.107235681797085
0.106049630968032
0.108501874842144
0.106224918454621
0.108875763914524
0.109217002454457
0.107591923391597
0.107341458728648
0.109567361556346
0.107616532718532
0.109180412270988
0.10838805670507
0.107837369047079
0.107049708681696
0.104998337791075
0.107818210470189
0.106091671901545
0.109019965935511
0.105503152800174
0.106647864277403
0.105820753433973
0.107149495184991
0.10661505184149
0.106436472317745
0.107003242386759
0.106847869026572
0.105605475791114
0.108076824274295
0.106033548557008
0.10708910519192
0.105253497654558
0.10768679882307
0.109638599081684
0.107636015102355
0.106021729603941
0.108860922763412
0.10499456004352
0.10800785339749
0.107240323029797
0.106656229289848
0.106538471501752
0.11124273862952
0.108295393954309
0.106933947703022
0.108772199663673
0.106807716966836
0.108092097167985
0.107326779481002
0.105840073914329
0.106030310487675
0.106757203085232
0.108443535626318
0.107745569781473
0.106521633541217
0.106478729122548
0.107896193973305
0.106930115987644
0.107341134921714
0.106866218086128
0.107872664002815
0.108268194171907
0.105795982203571
0.107409566120296
0.106218550251598
0.105908936855489
0.106296209947781
0.108390701128359
0.107582317119241
0.108580613894771
0.106846249991905
0.107004213807559
0.107745461845829
0.105473524465773
0.107647186441556
0.109068644911158
0.108605277189529
0.109024175425644
0.10620333132573
0.108579912313082
0.106978579092002
0.106886995697685
0.106567128415354
0.108181899624168
0.107103460632632
0.108110608131008
0.107012686755649
0.105853943644641
0.107032331042939
0.106607388410734
0.108283197226486
0.108321676283733
0.10563494222205
0.104568376151403
0.108029008783803
0.106458814996147
0.106351904740318
0.109274640088594
0.107281932220733
0.105911419375312
0.107721068390183
0.107170542635659
0.105410705920702
0.106894335321508
0.10774087458094
0.106027180353986
0.106044288153631
0.107965596592688
0.107513831952836
0.109433413421582
0.107072159295742
0.106693467087184
0.108088643227362
0.107176533063926
0.106518395471884
0.106342352435784
0.108209207342214
0.105833004129618
0.107526622326704
0.109707354087199
0.106839935756704
0.107466070430167
0.106034627913453
0.105468073715728
0.107846867383791
0.106771288686833
0.106784726674568
0.108762809262605
0.106587366348688
0.107463264103411
0.106572255358465
0.108983375752042
0.107420305716919
0.107289757554955
0.107583558379152
0.1097219253992
0.104249642193339
0.106391085379253
0.10643560883259
0.10858180118686
0.109221373848057
0.105159053965664
0.107498505091324
0.107935536515708
0.107875362393926
0.107605469314976
0.107362182372382
0.104918087639426
0.107448530887943
0.107014197854671
0.105393598121056
0.105340439816164
0.106706527300163
0.107515343051859
0.106818456563459
0.107281986188555
0.106058211851766
0.107949028471264
0.107007451876893
0.105310109900073
0.105504394060086
0.106541169892863
0.107256189569531
0.109496285934474
0.106672365668694
0.108401602628449
0.106453472181746
0.106627680311891
0.105795766332282
0.106449046820324
0.107992526535978
0.106481643384948
0.106263559415334
0.105365588821321
0.105662789618318
0.106448399206457
0.107593596394086
0.106659575294826
0.107189593276905
0.108609324776195
0.105236983500957
0.106304413056759
0.108985318593642
0.10740891850643
0.107405140758874
0.106168306209106
0.107061527634763
0.106790501231546
0.106340733401117
0.107060394310496
0.107934187320152
0.105405632945413
0.106379428329653
0.106839611949771
0.106863087952439
0.106716025636874
0.106117306617103
0.108282657548263
0.106064849893899
0.109460990978739
0.107968780694199
0.107493486083857
0.105992748883406
0.108226153238393
0.10724307538873
0.106853589615728
0.106207864622797
0.108427669086584
0.107183063170415
0.110528960212763
0.105980552155583
0.105581783917157
0.106798380533591
0.106408840792766
0.107004753485782
0.10690431936862
0.109644859349062
0.107958850614909
0.106788396486479
0.106972858502846
0.107813083527078
0.105501533765508
0.106136842968748
0.106541655603263
0.107666722793202
0.106922452556887
0.106230746979421
0.106860065754395
0.10560002504107
0.108889525709191
0.108746564948115
0.106174566476484
0.110552813990186
0.105205844067533
0.110533763348941
0.106188490174618
0.107275510049888
0.107368280736294
0.106870751383195
0.108023072323358
0.108166896569589
0.106168306209106
0.105908019402511
0.108240022968705
0.106129449377103
0.108040611865581
0.109063571935869
0.106292216328936
0.108870906810523
0.108632800778864
0.107725763590717
0.108082652799095
0.107624465988399
0.105480864089595
0.105612113833248
0.106496646439527
0.106062583245366
0.108011631145046
0.106121300235947
0.107713350991605
0.10724356109913
0.105875962516109
0.106483424323082
0.108763834651228
0.106164474493728
0.106923639848976
0.105636129514138
0.106057456302254
0.107696674934537
0.108473595703298
0.105567374508623
0.106038729467942
0.10794044758753
0.106797463080613
0.108337003145245
0.108150976062033
0.110857408378828
0.106977229896447
0.105828632736017
0.10688564650213
0.107967647369932
0.107452902281544
0.107874283037482
0.106342352435784
0.108638899142775
0.106335012811961
0.105874613320554
0.106945388881333
0.108545642745969
0.108803339097097
0.106042723086787
0.10907474327507
0.105830845416729
0.106356545973029
0.105345836598387
0.107238811930774
0.10753817144066
0.110291447827148
0.106711816146741
0.105682325969964
0.107671471961558
0.107160774459836
0.108149896705588
0.105762306282502
0.108340457085867
0.106501719414816
0.108836691211232
0.107218520029618
0.106484449711704
0.107216523220195
0.109632015007372
0.108375967912892
0.108264200553062
0.108063170415272
0.107837423014902
0.105121816168328
0.108174398096879
0.108338082501689
0.106555417397931
0.107349445966337
0.109395096267801
0.108134138101498
0.107365204570427
0.107290405168822
0.108027389749136
0.106900703524531
0.106122271656747
0.107589872614352
0.105751512718057
0.107452902281544
0.106503608288594
0.105662789618318
0.10828233374133
0.105840019946507
0.107904343114461
0.106984461584625
0.105717620925699
0.109065190970536
0.106538795308685
0.107223539037085
0.109010629502266
0.108691733640734
0.105139787453129
0.10663858181198
0.104938541444049
0.107238811930774
0.106819535919903
0.105940184224558
0.107452254667677
0.106763301449144
0.108011631145046
0.107563644252751
0.106302955925559
0.107592948780219
0.106096056321608
0.106002247220117
0.105996364727495
0.106938319096622
0.107042423025695
0.10754205712386
0.106794818657324
0.108283413097775
0.107056886402052
0.106916677999909
0.106338304849117
0.106904373336442
0.107013064530404
0.106502582899972
0.106231826335866
0.10597904105656
0.107743842811162
0.106334635037205
0.106949598371467
0.107151815801347
0.109522514296076
0.107237894477797
0.105931711276469
0.108087509903095
0.107902670111972
0.107098657496454
0.108661673563754
0.106827523157593
0.107911844641751
0.107620472369554
0.10728090683211
0.108122319148431
0.109990685153884
0.107738230157651
0.1064193645181
0.107375134649716
0.10870884144038
0.105577466491379
0.106634642160958
0.105029369288855
0.105756963468102
0.107399150330607
0.109282627326283
0.108620010404996
0.106127722406792
0.106126157339948
0.108821688156653
0.105468505458306
0.107299471762956
0.105889508439488
0.108101703440341
0.105661440422762
0.106084656084656
0.106307435254804
0.10811260494043
0.107268008522598
0.106988563139114
0.1057336493689
0.104482837153176
0.106577975947621
0.10789970188175
0.106547753967175
0.107095689266232
0.108688765410512
0.106346993668495
0.10731145261949
0.107609732772931
0.1086865527298
0.106637988165936
0.105390036244789
0.10679908211528
0.10814995067341
0.106796707531102
0.106952026923467
0.106851916613239
0.105944231811225
