"V1"
0.0966013224275158
0.094720058112551
0.0939993718145493
0.0925165056047809
0.0932568285485462
0.0978817629776422
0.0967997621098396
0.0936232700614586
0.0970412141464773
0.0979850573893822
0.0961021200719283
0.0951234675836879
0.0959345815577115
0.090325181663925
0.0938473984271618
0.0982225158071751
0.0986717979272039
0.0928316700450523
0.0958072938591094
0.0971866034595533
0.0956633077094113
0.0951751687573801
0.0969358689574928
0.0971773749619527
0.0949593514362996
0.0961968875677566
0.0941978114968731
0.0955513784461153
0.0950439729815495
0.0977297895902547
0.0938536047267177
0.0939898195100154
0.0936659586088391
0.0891030871753026
0.0973654838006291
0.0949890337385237
0.0971866034595533
0.0966731646870372
0.0952817012384536
0.0951724703662688
0.0966200492618281
0.0962087604886463
0.0932492730534346
0.0916723332880004
0.0947386230433966
0.0987689400072101
0.0910366431561517
0.0927983179309169
0.0927983179309169
0.0912462033637064
0.0945955543466763
0.0913945609070048
0.0956082065629189
0.0938774045363193
0.0962798900783397
0.0970966390999031
0.0949157994037635
0.0931463533669783
0.09200048791335
0.0976336189310485
0.0937041906575388
0.0955422578841592
0.0959448038701405
0.0942837282698564
0.097431276541083
0.0930822630543807
0.0919461120501512
0.0931992448822314
0.0971866034595533
0.0951097597568426
0.0955274707008693
0.0934721601592267
0.0934834934018941
0.0944621998579567
0.0972957803639158
0.0963348832891877
0.0946464460030352
0.0910827348301848
0.0988716407729056
0.0916149115251522
0.0943765529240845
0.0900538505054693
0.0922529730873264
0.0952525586144517
0.0961934875949564
0.0932716157318361
0.0941978114968731
0.0948815838044724
0.0915376835715473
0.0933045361033937
0.0955535911268265
0.094501488432537
0.0965483260260902
0.0952324825845838
0.0963707718909677
0.0931536960402729
0.0925687927829911
0.0973762463868543
0.097937187931068
0.0976369649360265
0.0939082012021348
0.0962275412907808
0.0911708642838794
0.096298131202252
0.0951492642027118
0.0938551697935623
0.0946155739350643
0.0963896066609245
0.0942455730195428
0.0893510331171874
0.0925310692752553
0.0951267596208437
0.0912355177349057
0.0940126478988168
0.0929790561675507
0.096473418688841
0.097701888226164
0.0947757529050879
0.0940442190748188
0.0970718722271517
0.0952664283447637
0.0945271231480942
0.0976336189310485
0.0967611751169483
0.0956300273305442
0.0883178013940968
0.0953669703975702
0.0983996381997198
0.0937586213596006
0.0927833688441604
0.0930161860292419
0.0930644332623117
0.0950353381299934
0.0927979374722053
0.0899621543317422
0.0956385364790098
0.0951581149255568
0.0965196691124884
0.0955864193533067
0.0954110081405063
0.0978449569228843
0.0960264571851679
0.0972550346581354
0.096040596754591
0.0928087876884287
0.0952817012384536
0.0924993954781768
0.0953872083309048
0.0944198351175095
0.0932506762168125
0.0942099542568739
0.0972767836904924
0.0991920477334594
0.0958019510447091
0.0954894233862002
0.0933556975988637
0.0933950941090884
0.0983603496251395
0.0953799226749043
0.0941082249119785
0.0953906622715272
0.0947512515137974
0.0941729323308271
0.0940451365277967
0.0923581651003785
0.0930017226528854
0.0973243833096954
0.0973972938375223
0.096183827354778
0.0947203819194843
0.0964364507306164
0.0958500903421344
0.0981063230859232
0.0932279017958332
0.09678886060975
0.0954512681358867
0.0967415308296581
0.0921052091900725
0.0954924995520671
0.091975956255842
0.0955222358221134
0.0973567640030308
0.0970628552431898
0.0968550251597987
0.0947343595854408
0.0960756758390377
0.0935716768234108
0.0960976947105058
0.0950507729271499
0.0971997176403541
0.0996502345441554
0.0936026543533683
0.09354183261772
0.0954368137680315
0.0927228709154454
0.0918848046041029
0.0961905733325562
0.0953291929220122
0.0909825165843118
0.0943054233343911
0.0938795632492083
0.0948196418315218
0.0954484078413087
0.0954030209028169
0.0959551117241856
0.0984806978687028
0.0951387944452
0.0962505154394351
0.0937424849807551
0.0963872320767466
0.0913387581788235
0.0938348778924054
0.0920352129246458
0.0923854640908904
0.0914966140588336
0.095436534920419
0.0928260573915409
0.0950597855534616
0.0961072470150398
0.0963950574109693
0.0920540476946026
0.0918824839877471
0.0962831281476732
0.0950002590455467
0.0980759392020102
0.0959955875908548
0.0957030819943917
0.0924604253959619
0.0929801466762522
0.0959820416674762
0.0944740188110241
0.0950652363035064
0.0953910400462828
0.0897389900245877
0.0948683077202049
0.0953377738057461
0.0947965305166448
0.0952710156096529
0.0917879323632078
0.0911958513855699
0.0958500903421344
0.0949408944410984
0.0984422188114559
0.0947965305166448
0.0937502023793333
0.0954417697991749
0.0959763210783203
0.0959115596916495
0.0978521886110625
0.0965484339617347
0.0929753863556393
0.0954205604450402
0.0937486373124888
0.0973542275153862
0.0911087473204976
0.0939082012021348
0.0926045194813045
0.0961325039558414
0.0953997828334834
0.0930644332623117
0.096130507146419
0.0962482649345154
0.0890075101621409
0.0973970239984112
0.091004805294891
0.0937955893178251
0.0990349474029605
0.096452856948573
0.0949024153838515
0.0969554592769607
0.0955903432137622
0.0943970606965303
0.0942971122897684
0.0945290120218721
0.0949576244659884
0.0924851426585413
0.091222187682816
0.0950389539740825
0.0924578889083173
0.0937378977158659
0.0951636162670708
0.0949583800154996
0.0937260247949762
0.0948814219010057
0.0955716163794499
0.0954484078413087
0.0910381574090264
0.0955472229238039
0.0918698555173463
0.0934540269709588
0.094720058112551
0.09624934429096
0.0942006717914511
0.0919238773073942
0.0962482649345154
0.0945405071680061
0.0940451365277967
0.0965123834564879
0.0949172025671414
0.0938861473235198
0.0961104850843733
0.0922464969486593
0.0974684234272158
0.0960388158164576
0.0902554420689253
0.0924018703088471
0.095212460522538
0.0965133009094657
0.0953632466178366
0.0957015708953693
0.0949909226123016
0.096555449778624
0.0978049667666151
0.0934558618769145
0.0900538505054693
0.0938099987263594
0.0955386960078922
0.0935724863407442
0.0955048042155345
0.091856147690501
0.097701888226164
0.0913458049886621
0.0917685579150287
0.0938028638783467
0.0956565617316331
0.0932588253579686
0.0953196406174782
0.0967676280286789
0.0950070589911471
0.0963748734454569
0.0969776940197177
0.0917551819204356
0.0955947685751847
0.0943018614581242
0.0908048545135448
0.0953677799149035
0.0910520793528456
0.096109459695751
0.0965239865382664
0.0933895354233992
0.0966775789603207
0.0945542689626737
0.0939388199180121
0.0941082249119785
0.0939116556125533
0.091239889128506
0.0921233423783403
0.0948856853589616
0.0909320566705308
0.0949576244659884
0.0959823654744095
0.094037095322285
0.0952090605497378
0.0940669395279758
0.09605948549237
0.0905607040857959
0.0955222358221134
0.0989663003330894
0.0958591569362683
0.0925609674487683
0.0943154613493251
0.0950351762265267
0.0933556975988637
0.0948111018286457
0.0931565970602967
0.095284183758276
0.0974916295907728
0.0952090605497378
0.0901420217209691
0.0939089091682373
0.096021923888101
0.0943385319853108
0.0944221557338652
0.0944000289267527
0.0934714585775377
0.0978022683755038
0.0926785633333981
0.0969827669950069
0.0906120876131757
0.0959520895261409
0.0952966503252101
0.0983218705678926
0.097024160314654
0.0970088334531419
0.0956565617316331
0.0946996582757497
0.0949074343913185
0.0958345476093334
0.0961415165821531
0.0980260729342737
0.0940451365277967
0.0955366991984699
0.096174275050244
0.0965528053553349
0.0983204674045147
0.0953799226749043
0.0946673315502365
0.0945962559283653
0.0932279017958332
0.0978729662226194
0.0968609616202435
0.0935344929938973
0.0979378895127569
0.0969143357964247
0.0939539309082353
0.0946999281148608
0.0900609620519861
0.0952824567879647
0.095692882075991
0.0923090456546189
0.0981602369403267
0.0968253428575746
0.0925235137801437
0.0947878956650886
0.0954545601730424
0.0945955543466763
0.096935922925315
0.0944500570979559
0.0931524547803618
0.0925205150292424
0.0940424921045076
0.0928750601741218
0.0983300197090487
0.0900066164550049
0.0985982397855103
0.0946788266963706
0.096868247276244
0.0949645863150555
0.0976336189310485
0.0942772521311893
0.0939784322995257
0.09730970406205
0.0957371635000529
0.0915843582752047
0.0925718689488579
0.0918543013469104
0.0989629003602892
0.0936576475642163
0.0891431487541717
0.0897805992155237
0.0963455149501661
0.0964234984532822
0.0957845734059524
0.0958984994786708
0.0962712012589614
0.096086739242594
0.0979146293813776
0.0935111249268736
0.0951618926731126
0.0939993718145493
0.0954417697991749
0.0961884685874894
0.0937227327578205
0.0896570129026269
0.0975308641975309
0.0935582388356766
0.0957501959031947
0.0966097120748916
0.0902506049792871
0.0945346786432058
0.0933797132797541
0.0965903129917818
0.0924851426585413
0.0948335524426916
0.092628805001306
0.0932904505017928
0.0923713245214673
0.0954030209028169
0.0960058954448999
0.0949763394341325
0.0932443080137899
0.0909825165843118
0.097932168923601
0.0992603170285749
0.0947217850828622
0.0919698039241083
0.0970481759955444
0.0923812546007568
0.0934945568054503
0.0961214405522851
0.0924851426585413
0.0916873903104013
0.0965381261076896
0.096049663348725
0.0934721601592267
0.0948703418260948
0.0949575704981662
0.0944873264923601
0.0912748602773083
0.0908739334507833
0.0936398921507041
0.0913230535425558
0.0932735585734362
0.0965818940115146
0.0935984041347418
0.0922875148155105
0.095933686498762
0.0931547214288952
0.0944518380360894
0.0919548548373518
0.0927832609085159
0.090755635859675
0.0957469038660389
0.0961878209736227
0.0951969717575593
0.0945720243761859
0.0957770179108408
0.0945727259578749
0.0931992448822314
0.0964808662483081
0.0946779632112149
0.091640924015465
0.0956941233359022
0.0951276180977423
0.0967949589736615
0.0951111629202205
0.0942776299059449
0.0974104080183232
0.0961724401442884
0.0967228846473531
0.0922464969486593
0.0945695958241858
0.0966503252100967
0.0932573142589462
0.092581205382103
0.0940836695528658
0.0945695958241858
0.0933891036808213
0.0949024153838515
0.0958376777430225
0.0965012660851094
0.097717430958965
0.0946636617383251
0.0988108192134308
0.0899391915816018
0.09246474282174
0.0957334658783047
0.0952966503252101
0.0941292331940711
0.0980722693900988
0.0926471540608628
0.0976773868348736
0.0948815838044724
0.0925511453051233
0.0945657101409855
0.0951581149255568
0.0931378834683608
0.0948034923657119
0.097233879271823
0.0951548768562232
0.09800367628805
0.0939491277720572
0.0969745099182064
0.0939197692767664
0.0962929502913183
0.0907734182216206
0.0967154643715231
0.0938028638783467
0.0928715522656771
0.0947512515137974
0.0970088334531419
0.0959321753997397
0.0925413231614782
0.0962236016397583
0.0908921204820838
0.0924754824183629
0.0950226556917703
0.0936258605169254
0.0940980789614001
0.0954878583193557
0.0958513855698678
0.0974684234272158
0.0956563458603442
0.0954556934973092
0.0925761324068138
0.0899153568676213
0.0962142652065133
0.0876354862176976
0.0961532441231843
0.0930907155917356
0.0946085066240105
0.0953247135927675
0.0973963224167222
0.0943227594782586
0.0974301062734355
0.0964618156070624
0.0949199549260749
0.0950016622089245
0.0944572887861342
0.0987952763044562
0.0950507729271499
0.0925833101271698
0.0895366646590637
0.0970412141464773
0.0961574370897096
0.0953669703975702
0.0964842687460332
0.0948814219010057
0.0945817627985095
0.095082829813552
0.0967698099685044
0.0976525076688275
0.0953669703975702
0.0957788528167965
0.0935724863407442
0.0991409402058117
0.0911747816362922
0.0978369157173727
0.0942572300691436
0.0948498155212577
0.0916141020078189
0.0942204779822079
0.0929425199519039
0.0932217494640995
0.0983833399174077
0.0961878209736227
0.0952911995751653
0.0933891036808213
0.0932609301030354
0.0924814927557821
0.0934983345530061
0.0950938932171082
0.0970238904755429
0.0942006717914511
0.0933879703565546
0.0933293613016175
0.0941540435930481
0.0951234675836879
0.0943553174998975
0.0956569934742109
0.0921859990199443
0.0961615144312247
0.0924909172155194
0.092685956925043
0.0959068105232936
0.0969597227349165
0.0925406215797893
0.0947358706844631
0.0954030209028169
0.0962351507537146
0.0948715997573607
0.0917141583502253
0.0927882259481607
0.0946245350672115
0.0975319435539754
0.0923302311222794
0.0956109049540302
0.0952574696862743
0.0949943225851019
0.0975414418906871
0.090739607416474
0.0973754908373431
0.096298131202252
0.0966670012671645
0.0936830124406624
0.09439268930293
0.0934983345530061
0.092690637029169
0.0956658981648782
0.0953469483355244
0.0936498761978158
0.0954717219405102
0.0970378141736771
0.096681950353921
0.0973397641390297
0.0938670427144519
0.0965818940115146
0.0964907423597754
0.092255509574971
0.0946609633472139
0.0923768292393343
0.0937191708815536
0.096109459695751
0.097522769024197
0.0951126740192428
0.0933410402877263
0.0930017226528854
0.0955176072605123
0.0911915772837971
0.0972550346581354
0.0934365413965577
0.0972804228006658
0.0905379296648166
0.0945712148588526
0.0930017226528854
0.0943154613493251
0.09678886060975
0.0974802963481054
0.097195758800392
0.0919314328025058
0.0972942692648935
0.0957625005666621
0.0957553768141283
0.0939491277720572
0.0962494522266044
0.0947173597214397
0.0944187017932428
0.0925713702835382
0.0952231461513387
0.0951836417054695
0.0932304922513001
0.0951086264325758
0.0968905448468833
0.094037095322285
0.0938536047267177
0.0943440103272825
0.0910381574090264
0.0954276302297518
0.0959924034893435
0.093825217652227
0.096677417056854
0.0963648354305229
0.091430233637496
0.0965239865382664
0.0956633077094113
0.0958376777430225
0.097456766377615
0.0962663981227833
0.0935724863407442
0.0948814219010057
0.0951322307446469
0.096040596754591
0.0947217850828622
0.0891879245918414
0.0946636617383251
0.0935980670884792
0.0972832598291595
0.0933891036808213
0.0944518380360894
0.0932279017958332
0.0961153421883736
0.0939491277720572
0.0915926767823953
0.0947859528234885
0.0990081793631365
0.0941083895703535
0.0974684234272158
0.0983426291207545
0.0962002335727346
0.0957015708953693
0.0961908431716673
0.0956565617316331
0.0936029241924795
0.0933059392667716
0.0973970239984112
0.0964944121716867
0.0943727751765287
0.0959955875908548
0.0949576244659884
0.0962563061400271
0.0949815322112344
0.0937978019985364
0.0943471404609715
0.0929604372688828
0.094275039450478
0.0969776940197177
0.0870271609255697
0.0931519151021395
0.0936012309538921
0.0979192166462668
0.0938454464204759
0.0918848046041029
0.0973766781294321
0.092400898888047
0.0960348761654351
0.0907734182216206
0.0959101025604494
0.0963348832891877
0.0907089536934498
0.0943079058542135
0.0932716157318361
0.0937496627011111
0.0932443080137899
0.0945043487271149
0.0920086607561108
0.0927833688441604
0.0941159423105568
0.0929608150436384
0.0957334658783047
0.0958010051422872
0.0935790164472335
0.09354183261772
0.0943518896293274
0.0957334658783047
0.0955048042155345
0.0974803503159276
0.0923122837239524
0.0952710156096529
0.0929949829238069
0.0981541385764152
0.0969370022817595
0.0957039994473695
0.0954121954325953
0.0964307301414605
0.096040596754591
0.0951881750025365
0.0942238779550081
0.0911087473204976
0.0946085066240105
0.0910927188772966
0.0975074961305071
0.0949645863150555
0.0947173597214397
0.0947747814842878
0.0939197692767664
0.0942625728835439
0.090333067811648
0.0921859990199443
0.0931063122923588
0.0932886695636594
0.0945508834654645
0.0927833688441604
0.0971616163578628
0.0929530436772379
0.0913339550426454
0.0917309481710806
0.0954203445737513
0.0948367905120251
0.0955477626020262
0.0942375857818534
0.0931992448822314
0.0922168146464352
0.0955535911268265
0.0959551117241856
0.0957769639430186
0.0936060543261686
0.0967997621098396
0.0960589830274299
0.0973970239984112
0.0953377738057461
0.0946643633200141
0.09536502755597
0.0958964487014263
0.0912462033637064
0.0937227327578205
0.0996860549460513
0.0939089091682373
0.0959198707362722
0.0963683973067898
0.096793393906817
0.0934966615505171
0.0954934170050449
0.0969554592769607
0.0973972938375223
0.0941695918552388
0.0929720403506613
0.0931466802233836
0.0958095065398207
0.0945010978050376
0.095820569943377
0.0916041719285293
0.0946444762509229
0.0965254436694665
0.0913950219884844
0.0970387316266549
0.0914397216861176
0.0965921478977375
0.0977016183870529
0.0980260729342737
0.0952924948028987
0.094160951474293
0.0902519541748428
0.0961072470150398
0.0951578990542679
0.0953030185282327
0.0965131929738213
0.0905379296648166
0.0940173430993504
0.0955838287804014
0.09741299847379
0.0947418611127301
0.0959520895261409
0.0891434011385052
0.0945119042222265
0.0951126740192428
0.0967008390917
0.0967889685453945
0.0962351507537146
0.0944348921399105
0.0970238904755429
0.0960622918191258
0.0972473172595572
0.0928516368912669
0.0964297587206604
0.096681950353921
0.0918848046041029
0.0934486301887363
0.0938473984271618
0.0961574370897096
0.0906471065691792
0.0905344375994628
0.0929720943184836
0.0944783902046244
0.0938898711032534
0.0931466802233836
0.0945584784528073
0.0951056582023534
0.0959151755357386
0.0937291009608431
0.0978369157173727
0.096920865902914
0.0952865583424539
0.0953193168105449
0.0957879983074924
0.0947203819194843
0.0954878583193557
0.0927832609085159
0.0952574696862743
0.0920352129246458
0.0956245048452311
0.0985399840672543
0.0920837839646489
0.0952627045650302
0.0952664283447637
0.0952574696862743
0.0922464969486593
0.0937691106734731
0.0921052091900725
0.0932904505017928
0.0964653774833293
0.0975121373632186
0.0905981314263259
0.092044819197002
0.0970110989492592
0.0930606555147559
0.0956565617316331
0.0965610624321355
0.096130507146419
0.0905379296648166
0.0939990480076159
0.0934882172109029
0.0939661816038805
0.0960599172349478
0.0928957838178564
0.0970966390999031
0.092878460146922
0.094084910812777
0.0946457983891684
0.0974684234272158
0.0968065620554401
0.0955864193533067
0.0916636984364443
0.0919461120501512
0.09096499920124
0.0960938629951278
0.0950390619097269
0.0979499243371132
0.0949529292654548
0.0943018614581242
0.0913488357533602
0.0947692227985986
0.095933686498762
0.0922005703319453
0.0931774958498745
0.091053775491695
0.093622892286703
0.0963406038783436
0.0944677839392604
0.0952075494507155
0.0963884733366577
0.0980152793698285
0.0932279017958332
0.0900609620519861
0.0939803211733036
0.0972619965072025
0.0966848646163212
0.0957907797055084
0.0968215111421966
0.089081157693163
0.0972644790270249
0.093615714566347
0.0965299367842893
0.0916635905007998
0.0940211196456096
0.0954323254302854
0.0948111018286457
0.0950025256940802
0.0945271231480942
0.0946085066240105
0.0949971828796798
0.0987729336260548
0.0940414661580278
0.09246522853214
0.0924018703088471
0.0938473984271618
0.0905570526024865
0.093080299802046
0.0928064624770886
0.0925718689488579
0.0945346786432058
0.0976877486567409
0.0947878956650886
0.0915376835715473
0.0910625508646725
0.0978369157173727
0.0929013964713679
0.0929530436772379
0.0937289390573764
0.0923122837239524
0.0948683077202049
