"V1"
0.110984340696703
0.116109826676942
0.117632906555795
0.107450905472121
0.115861628662526
0.117512774183521
0.112167585199001
0.108454814901163
0.0976270888245592
0.108516446154145
0.11352034263091
0.111538968005716
0.115209265627462
0.116481718939899
0.116368548416692
0.112206711870115
0.107152355479569
0.113943396389337
0.10897533454653
0.110820332484959
0.116336707401579
0.114264936674157
0.11426693348358
0.116192829187525
0.109634065784617
0.115686233240293
0.109423159535359
0.116087430030718
0.112079833520062
0.112864849462157
0.107911844641751
0.104233505814493
0.106664972077049
0.110570569403699
0.114754154982633
0.0987139467963621
0.106409866181388
0.104283480017874
0.109588031232258
0.106300149598803
0.108895354233992
0.108049408620604
0.110992867612615
0.110170883712295
0.116820744799121
0.117133974039319
0.113564164502557
0.116269139688152
0.116554629467726
0.106649699183359
0.118366814970242
0.100555814601102
0.112347190111368
0.116145607343078
0.112725720416459
0.111782794626532
0.114568937416755
0.107706712949471
0.116884426829347
0.116681831624712
0.116690250604979
0.101575320730767
0.10995495845557
0.11656078179946
0.11680131638312
0.110412713523689
0.109975628131483
0.111660179734435
0.115462806456279
0.113947174136893
0.115723363101984
0.115883809437461
0.115665779435669
0.112579575553872
0.108496154252988
0.11307807632777
0.109999104134151
0.115388762604185
0.114181934163574
0.115114983842034
0.108825519872031
0.113794769006927
0.117436517650716
0.113069873218792
0.113067066892036
0.112967550227852
0.111046619563551
0.116576702307016
0.113182558031599
0.113464000224506
0.116363799248336
0.115907123536662
0.116893601359126
0.110324368198705
0.111218615012985
0.108980623393108
0.110383948674442
0.112739752050238
0.113897847547378
0.100677619975866
0.107363423632293
0.116594187881418
0.114601857788312
0.116401360852605
0.116986318077709
0.113377058062901
0.1093678964854
0.115805340223945
0.117383251410179
0.116455382642653
0.116816157534232
0.110033049894331
0.112031910093926
0.116024341646537
0.103751195387262
0.113105761820572
0.116494887088522
0.115546132773795
0.113691474595187
0.100523811682522
0.109486517758652
0.11473661544041
0.112341685393501
0.112591124667828
0.116589060938306
0.114801106987969
0.11687892211148
0.114546001092309
0.116966080144375
0.111303992107746
0.113087790535771
0.11343912105846
0.103134073340112
0.10477075548475
0.112489935001155
0.116885074443214
0.116481611004255
0.114977042088425
0.112704780901435
0.100531960823678
0.103073089700997
0.11401306884783
0.114598835590268
0.113903837975645
0.110228197539499
0.106778898149767
0.1091976819741
0.11350652686842
0.115353413680627
0.108336517434845
0.113974158048005
0.115009692620872
0.115478726963835
0.115744194681363
0.112026891086459
0.113782140536526
0.110474938422715
0.109106314451072
0.114768456455523
0.116650476319999
0.112754647169172
0.110177036044029
0.113850247928175
0.106224162905109
0.116089049065385
0.1135492154158
0.113006676898966
0.114298828466515
0.116039074862004
0.107768614041564
0.116944115240729
0.113931415532803
0.108571277461526
0.112990594487943
0.113773397749326
0.104079805456794
0.115838584402436
0.116108369545742
0.114447401881102
0.11385812723022
0.115775603953899
0.11777948316096
0.109496987516163
0.111222608631829
0.113712252206744
0.116182575301302
0.112599381744629
0.111191793005338
0.115814460785901
0.117148167576564
0.110992867612615
0.11290057616047
0.117392210068669
0.110082268548201
0.108946677632928
0.111730283935506
0.11641166870665
0.112274873229586
0.118179492659297
0.103298081551856
0.115541977251484
0.116848484259745
0.115434581285254
0.112916550635849
0.116138537558366
0.11381203871004
0.112321933170566
0.116144527986633
0.115528971006327
0.115937399484931
0.115714674282606
0.116436116130119
0.116508702851012
0.109879943182677
0.112528252154935
0.116612267101863
0.115057292240075
0.113309976059874
0.105034064489389
0.105216691599801
0.111832013280402
0.114182581777441
0.110229816574166
0.115732321760474
0.111110193658133
0.116142423241566
0.106523090672417
0.106487310006282
0.107099790820721
0.11564106217309
0.114927769466733
0.111504914309892
0.110892919205853
0.117376343528934
0.109438378461226
0.113171710499332
0.112665816133788
0.110147839452205
0.11465150818476
0.116712053605158
0.115578297595841
0.116725545560715
0.11444491936128
0.113912310923735
0.108806307327319
0.115101869661233
0.116645133505599
0.110939277565145
0.111217103913962
0.115703071200827
0.113886730176
0.116173238868057
0.104018713882035
0.110571972567077
0.110470513061292
0.114238924183845
0.113444248001572
0.114683349199873
0.116966673790419
0.11305454635728
0.116846973160723
0.115784562612388
0.113743931318391
0.111047105273951
0.11567889361647
0.112428681522929
0.114145236044461
0.110122582511403
0.103404344193818
0.112887947690069
0.113772858071104
0.116906661572104
0.116538493088881
0.11400022450614
0.115646674826601
0.116295422017576
0.117490809279875
0.106375542646452
0.111754893262441
0.116508001269323
0.110873166982918
0.103557181066361
0.103480115016223
0.115966326237644
0.109648852967906
0.112105468235619
0.114369040603231
0.11218210254318
0.108252219696528
0.110968420189146
0.113492603170286
0.11567403651247
0.104844529497732
0.116072642847429
0.103322151200568
0.114436770220124
0.108971179024219
0.109869797232098
0.102713717972796
0.117797238574472
0.102408260098999
0.108611537456907
0.116359913565136
0.115664376272291
0.113258976467871
0.105059051591079
0.116519712286746
0.11140496590313
0.111113323791822
0.110717901558375
0.113595249968159
0.11194982503632
0.115721690099495
0.109467197278295
0.116265847650997
0.114271952491047
0.114351447093185
0.116835208175477
0.11581419094679
0.111207929384184
0.117623678058195
0.114975584957225
0.107593002748042
0.108966699694974
0.113003007087054
0.107444591236921
0.106772475978922
0.100507135625455
0.102365193776862
0.1112829986249
0.11332055375303
0.11628290148282
0.112909426883315
0.117994868739463
0.109726566631911
0.10975247118658
0.113577548522469
0.112596035739651
0.117226528854436
0.116410481414561
0.1163134472702
0.117782829165938
0.115922666269464
0.117059768283758
0.112932740982517
0.117622220926994
0.11731125833533
0.112983578671053
0.114171950116463
0.111560771005895
0.113939996416537
0.110237480004922
0.115309429905513
0.115611056063932
0.116252787438018
0.109513501669764
0.113829308413152
0.114929442469222
0.109296658960062
0.113903136393956
0.117337702568221
0.115134574161502
0.116349551743269
0.113827581442841
0.112563709014137
0.116845623965167
0.109445826020693
0.109141987181563
0.114418798935323
0.11373615995199
0.116649666802666
0.11142509590082
0.106350339673473
0.116447287469319
0.109739734780534
0.112857995548734
0.109897698596189
0.111090873177776
0.108632692843219
0.109703306500532
0.116850319165701
0.117008444884822
0.110341907740929
0.108805767649097
0.107854584782369
0.116804662388098
0.112500836501244
0.104601674297717
0.116136864555877
0.104602591750695
0.117242179522881
0.113077374746081
0.100852475719877
0.106832002486837
0.113913714087113
0.114299152273448
0.114411567247145
0.11170637619026
0.113242516282092
0.116704120335291
0.111038038679818
0.114434773410702
0.11056743927001
0.113586615116603
0.103420750411774
0.113815168843729
0.111245059245875
0.107273297369177
0.115920291685286
0.116475350736877
0.109759163196536
0.112002281759524
0.110655838562815
0.105143349329396
0.103897664056783
0.115005752969849
0.116401630691716
0.10727070691371
0.113728442553412
0.110517033324051
0.116177988036413
0.0957021645414138
0.106860821303906
0.10670501620114
0.117341372380132
0.113435505214371
0.11397572311485
0.115754826342342
0.115439168550144
0.109505460464253
0.115583370571131
0.110855735376339
0.116201895781659
0.100265629620995
0.112638022705342
0.117084593481982
0.106055675364121
0.115813435397279
0.11239889128506
0.109872657526676
0.107229367561885
0.116095579171875
0.10474506680137
0.11623173998735
0.116187324469658
0.11514034871848
0.117596856050548
0.115077368269943
0.109758893357425
0.1166679618944
0.113981875446584
0.103621672613921
0.11334575672601
0.11513500590408
0.114341894788651
0.115508085459126
0.112865928818601
0.106306733673115
0.109606380291815
0.116048033520494
0.113699731671988
0.113284773086895
0.112301803172876
0.111095730281777
0.113463730385395
0.115716293317273
0.108502468488189
0.111001448496349
0.110564740878898
0.115047739935541
0.117354324657466
0.112574988288983
0.114988645170204
0.109529044402565
0.111179758180982
0.113197561086178
0.117325505840398
0.116418036909673
0.113376626320323
0.114873747676685
0.117970583219461
0.109763102847558
0.109886958999566
0.103182266605359
0.116669203154311
0.108157668071989
0.108847430807855
0.116083490379696
0.114858312879529
0.115394429225519
0.103898905316694
0.116641571629332
0.1140686017369
0.113054168582524
0.11554553912775
0.116025367035159
0.114233527401622
0.108904744635059
0.109857438600809
0.115210884662129
0.114793335621569
0.116347662869491
0.116794462469697
0.112442443317596
0.109633957848972
0.112734085428904
0.115200360936795
0.115945008947865
0.114882382528241
0.112824103756376
0.103888435559182
0.109695373230665
0.104080345135017
0.116668177765689
0.112347945660879
0.106597296427978
0.110302942973282
0.107141615882946
0.110393770818087
0.114874233387085
0.113685646070387
0.116755551669872
0.116145337503967
0.112864471687401
0.103829286826023
0.109272535343527
0.112947690069273
0.115340569338937
0.117678725236865
0.115176830966305
0.116723926526048
0.113221630734891
0.100759597097826
0.115611433838688
0.114163747007484
0.11281935458802
0.110211953225009
0.113624284656516
0.109525644429765
0.111711665036838
0.109091743139071
0.113901895134045
0.116115007587876
0.0964787615032413
0.114589229317911
0.116934185161439
0.102783282495645
0.112796850006152
0.113166529588398
0.108337812662578
0.112132829921488
0.116132169355344
0.109859813184987
0.111834333896757
0.115228586107819
0.113676579476253
0.116277936443175
0.116362557988425
0.114547296320042
0.11235377418568
0.113614840287627
0.111780096235421
0.10953352373181
0.117580665703881
0.109949723576815
0.116144258147522
0.114219711639132
0.11142509590082
0.110368405941641
0.115627408314067
0.116876925302058
0.115829733679591
0.116688469666846
0.111552675832562
0.110063973456466
0.107252357854153
0.109427207122026
0.115643382789446
0.1107616694622
0.115977335673378
0.099256755152308
0.115312883846136
0.112207197580515
0.117707867860867
0.104741558892926
0.114113826771926
0.105902730555933
0.112699653958324
0.11381446726204
0.117006771882333
0.113576415198202
0.110153991783939
0.113409168917125
0.115431936861965
0.108714400126069
0.113985707161962
0.11426839061478
0.111210681743117
0.109306265232418
0.11594997398751
0.111814473738178
0.116708059986314
0.113344137691343
0.113150770984308
0.113013045101988
0.117983103754218
0.106944471428356
0.116461966716965
0.110049564047932
0.116357485013136
0.116247228752329
0.11061762934468
0.113283154052228
0.110566090074454
0.109450467253405
0.11659181329724
0.113557418524779
0.114078369912723
0.11344154961046
0.10864580702402
0.112652216242588
0.112791129416996
0.101275151703548
0.1064193645181
0.113014502233188
0.117389889452313
0.115281960284
0.114397535613366
0.110692752553218
0.110049186273176
0.111710261873461
0.112593877026762
0.110302996941104
0.115200846647195
0.114267527129624
0.110330034820039
0.116428128892429
0.111496603265269
0.115214446538396
0.11645068744212
0.117309909139775
0.116210962375793
0.115869993674971
0.116775843571029
0.111809724569822
0.115472628599924
0.113329728282809
0.110018370646686
0.116116626622543
0.106116011389369
0.116926791569794
0.114415938640745
0.109430013448781
0.109540593516522
0.114212102176198
0.116214686155527
0.115732105889185
0.108600312149884
0.110313304795149
0.11222041969696
0.115810035424479
0.114860417624596
0.115077746044698
0.106148230179238
0.111824781592223
0.100735851256047
0.114281180988647
0.101156260591185
0.11334478530521
0.116258885801929
0.106435554864767
0.109592348658036
0.109994193062329
0.107331258810247
0.112109677725753
0.10870328275469
0.111658021021546
0.115693734767582
0.115854612845637
0.107750912595874
0.111707617450172
0.114819456047526
0.115867888929904
0.111008194474127
0.0998968135239045
0.114838182881839
0.116503521940078
0.116321812282645
0.113453098724417
0.111125088777068
0.105248910389669
0.112959778861452
0.0995229784193472
0.1031260321346
0.115383959468007
0.115982894359067
0.11311806648404
0.110205207247231
0.109027683334089
0.117532904181211
0.104449107264285
0.110106338196913
0.111929910909919
0.0982063794283296
0.114063636697256
0.116861328601435
0.113042835339857
0.115589468935042
0.101778617517092
0.11265858444561
0.110894052530119
0.114398075291588
0.114222356062421
0.1164977473831
0.112667003425877
0.115318712370936
0.115932110638353
0.109394772460868
0.112231591036161
0.113828175088885
0.113434425857926
0.112043998886104
0.116512750437679
0.110744831501665
0.110282381233014
0.110148055323494
0.116625651121775
0.109599796217503
0.111837517998269
0.113063505015769
0.113211484784312
0.113536964720155
0.11498880707367
0.115497345862503
0.115370089737695
0.117972633996706
0.116187972083525
0.110469271801381
0.104425361422505
0.110983639115014
0.115250820850576
0.114375624677542
0.107079822726498
0.106906693952798
0.106433935830101
0.115220167127552
0.109657325915996
0.112888541336114
0.11183390215418
0.109694455777687
0.114243619384378
0.103821137684867
0.115501231545703
0.115662271527225
0.106733511211275
0.112026459343881
0.115224106778574
0.115616183007044
0.102647553422747
0.115844466895058
0.114498455440928
0.117501440940853
0.108745863366426
0.111277062164455
0.11630886000531
0.115175967481149
0.109043927648579
0.116716640870048
0.110930588745766
0.11572228374554
0.115837181239058
0.106542842895352
0.116820582895654
0.116689333152001
0.113098530132394
0.11589832678164
0.114056189137788
0.106765082387277
0.116581505443195
0.114469366784748
0.106128477956303
0.109648151386217
0.114982276967181
0.113453584434817
0.117007473464022
0.114675847672584
0.114175835799663
0.100015650668445
0.110901446121764
0.111009921444438
0.112966902613985
0.110239476814344
0.115805825934345
0.110775269353401
0.113915602960891
0.101107041937315
0.103341255809636
0.110602140579701
0.111917390375163
0.115501717256103
0.109267138561304
0.116387922864871
0.10945737513465
0.114143778913261
0.11333922661952
0.114757069245033
0.115747540686341
0.117319785251242
0.116485874462211
0.109222399236679
0.116327856678734
0.108226584980971
0.111281163718944
0.112781469176818
0.112311787219988
0.113724502902389
0.109537787189766
0.117889361647012
0.116699047360002
0.115825470221635
0.114180153225441
0.11421820054011
0.115463939780545
0.113407010204236
0.11598683401009
0.109445718085049
0.105811902711128
0.114414643413011
0.108895408201814
0.116664777792889
0.113093457157105
0.114529271067419
0.109930079289524
0.112952169398518
0.103861073873314
0.110046703753354
0.102248515345211
0.117587249778192
0.10604353260412
0.111337721996637
0.103062404072196
0.117082218897804
0.114671908021561
0.111969199484499
0.115542462961884
0.113713143703397
0.113011587970788
0.109562828259279
0.117180332398611
0.110073201954067
0.112198562728958
0.117169430898521
0.111086717655465
0.109411232646647
0.113398807095258
0.117189075185811
0.110482008207426
0.115507761652192
0.105943908004292
0.110283352653814
0.115475542862324
0.113583323079447
0.1131888722668
0.1171902624779
0.110822221358737
0.106308406675604
0.112387881849326
0.11612698844441
0.111667897133013
0.103464626251244
0.115414990965787
0.103621240871343
0.113748572551102
0.114455497054436
0.117025822523579
0.116327478903978
0.112956810631229
0.112559877298759
0.116576108660972
0.113828013185418
0.116177610261658
0.11413795038846
0.107097200365254
0.110202724727409
0.116080090406896
0.110079192382334
0.114695761798985
0.113220281539335
0.113020384725811
0.115403118044897
0.110271425765102
0.116250089046907
0.117028359011223
0.115633020967578
0.113405121330458
0.102283648397479
0.116628403480709
0.114321872726605
0.115934377286886
0.110191769259497
0.105196129859533
0.116151273964411
0.100827542586009
0.113463892288862
0.115811006845279
0.116470493632876
0.103262031046609
0.109003397814087
0.10352636543987
0.117491996571964
0.116751558051028
0.109487866954207
0.11646428733332
0.110253778287234
0.116415662325495
0.105826851797884
0.11604042405756
0.112480058889688
0.116084839575252
0.112441363961152
0.117163008727676
0.107768883880675
0.117227932017814
0.111620351481633
0.109624405544438
0.107744544392851
0.116164118306101
0.11697444515682
0.113885704787378
0.113729090167279
0.113781870697415
0.114354307387763
0.117235217673814
0.114897493518465
0.116406110020961
0.10998890421575
0.112760637597439
0.116522032903102
0.114242863834867
0.107658519684223
0.114217337054954
0.109921714277079
0.111677233566258
0.117422054274359
0.106925798561865
0.117847590552609
0.114262184315224
0.10939288358709
0.113944799552715
0.102569138177053
0.11367674137972
0.103373258728216
0.110084049486334
0.111268373345077
0.103539803427604
0.114146585240016
0.113996176919474
0.11345099397935
0.108684340049089
0.113172789855776
0.115001597447538
0.110730530028776
0.116269679366375
0.115851428744126
0.11653460740568
0.113381429456501
0.110426961028756
0.111428711744909
0.106216823281287
0.108931944417461
0.116464934947187
0.108731346022248
0.114049820934766
0.112235314815894
0.106310025710271
0.11557462778393
0.113429298914815
0.110777374098468
0.116525540811547
0.109677887656264
0.112011564224947
0.11003618002802
0.113774099331015
0.106764434773411
0.11043699904369
0.103274335710076
0.110713260325663
0.116700666394669
0.110781421685134
0.111172850299737
0.116508486979723
0.112482649345154
0.105843042144552
0.114151820118772
0.114214368824732
0.110569058304676
0.115479482513346
0.111575504221363
0.109863429029076
0.109312903274552
