"V1"
0.106441167518279
0.102343660615794
0.0976679424659841
0.109000699422976
0.109113708042717
0.106750672978743
0.101735497227133
0.103769760318108
0.0967481688717919
0.104490758131161
0.104452345333618
0.0903975053913854
0.102516465582561
0.0980896470288555
0.0966878868143658
0.0961359039286416
0.099915108615639
0.109061359255158
0.101831452015051
0.108006234362824
0.103563387001369
0.0968022985974842
0.107558841116573
0.10292235757352
0.0965762813580031
0.103340716131414
0.107403737595496
0.096837451824983
0.100697048391867
0.109003127974976
0.101799125289537
0.102662124734748
0.102074792925466
0.103697443436326
0.107229907240107
0.108299657412265
0.101534844864098
0.0929635134347497
0.10644386590939
0.106867027603462
0.094903710611585
0.110178061432651
0.0905133203378817
0.10770304313756
0.0903939435151185
0.102198487174007
0.101815261668383
0.107374918778428
0.101008982404331
0.0916834506593789
0.106995686891648
0.111069614676997
0.102758835072177
0.102237667812943
0.100841736123254
0.091564883353949
0.102158712889027
0.108400955014582
0.109670008354219
0.102064539039243
0.101987850763861
0.105590364800891
0.101202295143544
0.108667663992021
0.097295348621338
0.0902044624912842
0.103035258257616
0.10794989195642
0.10391239727225
0.10761092006502
0.103632897920944
0.0965670528604025
0.102058440675332
0.091740170840538
0.100755873318093
0.102735736844264
0.101855143889008
0.102343660615794
0.10749694002448
0.103060892973174
0.104227407450582
0.107878222688504
0.108656168845887
0.0956708632045229
0.102058440675332
0.101278713579815
0.105718754249966
0.108932214256572
0.101563555745522
0.10209864670289
0.102365463615974
0.101859677186075
0.107553822109106
0.0931631542815694
0.106706581267985
0.101954660553192
0.0962664520906055
0.103986926834744
0.0966271820179699
0.103248808930163
0.102702546633595
0.0922458493347926
0.110320536483327
0.100492024635231
0.101310986337506
0.103255339036653
0.107610488322443
0.100459428070607
0.106995686891648
0.0974807820585054
0.105781356923748
0.107522142997459
0.106780733055723
0.0951248167792435
0.0972389889857475
0.109489216149763
0.100290454819219
0.105545949283199
0.105685887846231
0.100379339822424
0.108228959565149
0.10211634814858
0.108091881296696
0.10691694783902
0.107020512089872
0.100343451220644
0.0965161612040437
0.0962540934593158
0.100874980301745
0.0950464015335496
0.107892038450994
0.108194420158924
0.108034405566025
0.0967481688717919
0.0970766710056796
0.096571963932225
0.110233648289544
0.100938986138905
0.110026411852197
0.103035258257616
0.10959704385857
0.100614585559506
0.102808809275558
0.103457718369999
0.107317820822513
0.107046524580184
0.102516465582561
0.0973445672752078
0.107837369047079
0.102924570254232
0.10061080781195
0.108337057113067
0.102329305175082
0.0983905176377637
0.0906955696735379
0.101779157195314
0.0961035232353062
0.101903984768122
0.105427759752525
0.109620951603816
0.102700118081595
0.10895131886564
0.107383121887406
0.0858552496659392
0.108612400942062
0.101235971064612
0.101239586908702
0.0958572680624904
0.0974009096816114
0.0993898398019165
0.0974435442611697
0.108167921958212
0.0972646948983138
0.0956676791030116
0.107695325738981
0.0920338637290902
0.103439747085198
0.0965521633442569
0.106700860678829
0.10365826279739
0.108655629167665
0.102188718998185
0.108289295590397
0.101722598917621
0.0970381379806104
0.108578509149705
0.106729895367186
0.103444604189198
0.10342307102813
0.10196189224137
0.10311221637211
0.0963477276308774
0.109351490267443
0.101111359363093
0.10151525454463
0.102679610309149
0.104373930087924
0.10727459259691
0.10080309516254
0.106689635371806
0.103632358242721
0.106412024894277
0.0980137682708062
0.107338382562781
0.109048299042179
0.0966908129649539
0.102120287799602
0.108937233264039
0.0965192373699106
0.0985531766539518
0.103991514099633
0.10267696588586
0.10321162510065
0.0803848013660335
0.101812131534694
0.102232271030721
0.0980475521275195
0.0951608672844903
0.107177504484726
0.100530665595945
0.106017358210341
0.100380311243224
0.102572969892431
0.10744869279141
0.102087799170623
0.102702546633595
0.101812131534694
0.0958516014411567
0.10395190171812
0.10960481522497
0.0989119007682859
0.0897578787623667
0.103563387001369
0.107663160916935
0.103701167216059
0.0977879129347918
0.0965521633442569
0.104292276772897
0.0913949926495826
0.102474424649047
0.0958878138498701
0.107801048702721
0.110866636876429
0.0967494640995253
0.0924148225861812
0.0970734869041683
0.0979314673419121
0.0958572680624904
0.107825226287079
0.108873335362523
0.109439885755735
0.101654815332906
0.0927071662791777
0.104579331619315
0.1023082544288
0.108353409363201
0.107042315090051
0.096206062097535
0.0958253191117328
0.091308050487977
0.110066563911933
0.101735497227133
0.100611563361461
0.0981126373211237
0.0952256826389833
0.0975719876780668
0.109679182883997
0.106945496816978
0.102775025418844
0.108819259604653
0.105797331399127
0.102343660615794
0.107894898745572
0.100908980029747
0.109927380898413
0.0974435442611697
0.109927380898413
0.0949306405548756
0.108578509149705
0.109532930085766
0.090359134269783
0.10744869279141
0.104423310645261
0.102017317194796
0.109037289606445
0.0963751972523902
0.103000449012281
0.107440057939854
0.106754774533232
0.101425506056269
0.105885784659754
0.102305343462014
0.0863115207094716
0.090220436966663
0.100885126252323
0.103283024529455
0.107820423150901
0.108369923516802
0.101371808073154
0.0959330928527175
0.102768495312355
0.101871226300031
0.0971596735162627
0.0848339086303183
0.103539371685027
0.102456129557313
0.107114685939655
0.101425506056269
0.108676676618333
0.101722598917621
0.102158712889027
0.0969198405142918
0.102397952244953
0.0970381379806104
0.10949919908121
0.102768495312355
0.0971092136024817
0.108210610505592
0.0909766340916892
0.107547723745194
0.0934294716118462
0.0991772065823473
0.10664705476007
0.107574869559774
0.104354393736279
0.0977574211152342
0.0983192261446035
0.0958508998594678
0.0916368224609759
0.108461614846764
0.096008539868189
0.108892979649814
0.0985308879433726
0.107479562385723
0.102384730128508
0.0959927812640991
0.0973782862496708
0.102521862364784
0.0957308214550157
0.103202126763938
0.103858051675269
0.096899332741846
0.102761533463288
0.101776027061625
0.106090268738168
0.10097573822584
0.109062795487222
0.10644386590939
0.107299903505534
0.108225991334926
0.100765209751338
0.102688407064172
0.109195361357744
0.0958355729979557
0.102089040430534
0.0921510818389643
0.106955318960623
0.098670820218558
0.0916263527034641
0.104129563788887
0.106522550994195
0.0965230690852886
0.103364192134082
0.106397993260498
0.101176228685409
0.108475916319654
0.109113708042717
0.101874626272831
0.10142771873698
0.101649526486328
0.104575122129182
0.0868428608126691
0.109439885755735
0.106816459754036
0.1062501214276
0.106090268738168
0.106665997465671
0.106973883891469
0.1058990067762
0.0953759290560596
0.101482550044362
0.100861650249655
0.104013317099812
0.107479184610968
0.097494543853173
0.107177504484726
0.108686013051578
0.10209864670289
0.0975529370368212
0.110662584540594
0.103135584439134
0.106123836723592
0.103310116376212
0.0969157389598026
0.100845297999521
0.108987585242175
0.0962540934593158
0.102074577054177
0.102392555462731
0.109912215940368
0.104826504245109
0.109232437251613
0.100432120352561
0.105765058641436
0.109375991658733
0.0900304702324286
0.107847353094191
0.102158712889027
0.1015596160945
0.10731582401309
0.103069635760374
0.101218377554567
0.101170777935364
0.106689635371806
0.102055580380754
0.0970434807950108
0.108284492454219
0.105561330112534
0.1046934195955
0.104095186286129
0.106422926394367
0.107819721569212
0.10237604130913
0.0935092900209179
0.10814363643821
0.0952053367700043
0.108744945913449
0.103135584439134
0.108439811846585
0.106957531641334
0.101340021025864
0.101871226300031
0.096292410613096
0.108100570116074
0.101976085778615
0.108344666576001
0.110376069372397
0.0965124374243101
0.107040534151917
0.0925397580946337
0.104314403580009
0.0978172174622603
0.106833621521504
0.0976866153324742
0.105297697300961
0.107324998542869
0.103199590276294
0.101176228685409
0.090474409538057
0.111808051567333
0.107837369047079
0.0966284142742731
0.101372077912266
0.102456129557313
0.100153916228988
0.106437497706368
0.107017381956182
0.0998531535557239
0.100335571918599
0.102627639296346
0.107160507821356
0.100305943584197
0.105523876443909
0.103688430810014
0.107757064927608
0.100611563361461
0.101807652205449
0.0907384740922073
0.0976964914439415
0.105545949283199
0.102162976346983
0.103176168241448
0.102604649004078
0.105561330112534
0.101144225766829
0.10776780452423
0.10731582401309
0.102026545692396
0.107837584918368
0.105423850109452
0.102713016391107
0.102954684299034
0.101738465457356
0.102674213526927
0.107784426613476
0.108400955014582
0.0958355729979557
0.0977308689466992
0.10930534777944
0.107508920881014
0.103760315949218
0.0954729632004214
0.0949306405548756
0.10897096315293
0.102582090454387
0.0980291137218329
0.108883481313102
0.107623980277999
0.0952256826389833
0.0964735805923076
0.0950746267045737
0.0958253191117328
0.105832356515751
0.101324478293063
0.10959412959617
0.107084409991387
0.0974918994298839
0.0967481688717919
0.0971291277288829
0.0973174214606283
0.0968559965805988
0.0906161290392217
0.0962422745062484
0.101279900871904
0.105203361547711
0.104803298081552
0.0964505903000395
0.110673270169394
0.0995474258428155
0.103620053579254
0.101501654653429
0.100757384417115
0.102712206873774
0.102055580380754
0.106747650780699
0.101820118772383
0.105685887846231
0.10077665092965
0.102045434430175
0.0970945343548363
0.0960288317693458
0.08571196509793
0.0909810594531117
0.102029999633019
0.104672534048299
0.0962542013949603
0.0957308214550157
0.10703697227565
0.106707714592252
0.108996328029376
0.101944730473902
0.0948167144821572
0.102474424649047
0.102883986451918
0.109691325643998
0.107341188889537
0.101910299003322
0.101537759126498
0.097494543853173
0.108437707101518
0.107264608549798
0.107202599522061
0.100656194750442
0.101374992174666
0.108495830446055
0.0910742079142732
0.0967494640995253
0.107971894442789
0.10099101111953
0.103656751698367
0.104803298081552
0.0960385459773465
0.0961575450253541
0.110559775839254
0.111864381159683
0.104579244529369
0.0958878138498701
0.102577719060787
0.101740678138067
0.106424653364678
0.103249402576208
0.0906601128143356
0.0997989158943871
0.106955318960623
0.0977770114347022
0.106158538033283
0.106279479922891
0.102995753811747
0.109757436226224
0.0974236841025907
0.0914759983507434
0.101336189310486
0.0908932538063505
0.0983909493803415
0.100077929535294
0.102648093100969
0.107766131521741
0.103429709070264
0.102735736844264
0.0975406863411759
0.10096650972824
0.100100056342406
0.101465981922938
0.109351490267443
0.0964931709117756
0.107341188889537
0.0967573434015702
0.106706581267985
0.107629970706266
0.102364114420418
0.096381349584124
0.103630361433299
0.102624023452257
0.108355298236979
0.10092166246797
0.106689635371806
0.0986709884098705
0.102770168314844
0.0977375663294604
0.0963751972523902
0.105486045000529
0.0952053367700043
0.10583888662224
0.101092308721848
0.103135584439134
0.102070691370977
0.0975532608437545
0.106069329223144
0.0974435442611697
0.107522952514793
0.109893327202589
0.106331774742627
0.106775660080434
0.0978694696665501
0.106711276468518
0.105832356515751
0.100861650249655
0.10836404102418
0.101325449713863
0.107249335656108
0.101751309799045
0.109925923767213
0.109530501533766
0.096571963932225
0.101744186046512
0.102933906687477
0.105870565733887
0.104022545597413
0.101111359363093
0.107118787494144
0.107632938936489
0.11118213276516
0.0921896966123985
0.0903508232251602
0.105831708901884
0.0934974710678505
0.0979707019486701
0.099828544228789
0.107290135329711
0.0906070322030422
0.095272958451253
0.098066332929654
0.108643810214598
0.0968200000431743
0.110233648289544
0.100791276209473
0.0922459572704371
0.107810493071611
0.107338382562781
0.0979707019486701
0.102190014225918
0.101425506056269
0.0976964914439415
0.106889478217508
0.102305181558548
0.0958907820800926
0.0954641124775764
0.095569241795272
0.101807814108916
0.110376069372397
0.103151936689268
0.100436491746161
0.105169307851886
0.105219713797845
0.109481498751185
0.091583286381328
0.101489080150851
0.108995572479865
0.103572723799162
0.102026006014174
0.101919905275678
0.0920699682021591
0.111092977922843
0.102080405578978
0.102924948028987
0.108327234969422
0.109486463790829
0.103271097640743
0.0903169314328025
0.100841736123254
0.103375903151505
0.106361996723074
0.107290782943578
0.102481602369403
0.102998344267214
0.106160750713994
0.10993079932127
0.102276308773657
0.101235971064612
0.106012231267229
0.106360342214681
0.105413458279635
0.110773812222201
0.107042315090051
0.109362931445755
0.107575193366707
0.110763342464689
0.106791148845412
0.103483029278623
0.107810493071611
0.0977770114347022
0.107637256362267
0.103609152079164
0.104356444513523
0.0971370609987501
0.10839652965316
0.101837118636384
0.0897578787623667
0.107260668898776
0.103255339036653
0.10099101111953
0.109431632483448
0.105543952473777
0.108354866494401
0.0914002814961607
0.0852548907857639
0.101232840930923
0.10099101111953
0.109186348731432
0.101570571562412
0.104229889970404
0.101569384270323
0.0978142492320379
0.0983580290087838
0.102029999633019
0.0964449236787058
0.108006234362824
0.111059140098308
0.103086959431309
0.106729031882031
0.10371039571366
0.101871226300031
0.106358974525029
0.107288354391578
0.0973445672752078
0.0971459656894173
0.102450139129046
0.108492970151477
0.0977315705283882
0.102924948028987
0.100841736123254
0.101811753759938
0.102628502781502
0.103819734521489
0.105594250484091
0.0981338466752583
0.106412024894277
0.0961341769583304
0.101011896666731
0.104563249208292
0.108212661282837
0.109678049559731
0.103380922158972
0.103299322811767
0.108432148415829
0.0954702094858076
0.102392555462731
0.0955370769732255
0.107763810905386
0.109489216149763
0.0968081271222846
0.0913939672609603
0.10170025623922
0.104725043068275
0.107209291532017
0.101870416782697
0.10142771873698
0.103457718369999
0.102305181558548
0.0973782862496708
0.102940382826144
0.106383152109386
0.101623621931659
0.102343660615794
0.102250943897211
0.106331774742627
0.109694941488087
0.1065895790294
0.101425506056269
0.100526240234523
0.107783455192676
0.0960288317693458
0.0981156055513461
0.0965762813580031
0.0967822225676163
0.106725685877053
0.106701650194941
0.105995231403228
0.102422345700599
0.10237604130913
0.107559326826973
0.107177504484726
0.106031407756718
0.107585339317285
0.106388926666364
0.107264446646332
0.0959330928527175
0.0979765466799649
0.107810493071611
0.0995206038351693
0.103000449012281
0.0923830355388903
0.11055556634912
0.108043094385404
0.0964775202433301
0.0981218658187242
0.0963612195864338
0.101415360105691
0.109467413149584
0.105807585285349
0.0983823684966076
0.108100570116074
0.103566841306539
0.0972337713361785
0.0921583135271426
0.109078197215692
0.10209864670289
0.0968643615930438
0.10348561973409
0.105722262158411
0.0957094501974143
0.10073374651098
0.0970878423448803
0.079845662821999
0.103274551581365
0.106424653364678
0.102158712889027
0.102245709018455
0.107892038450994
0.107946060241042
0.100692623030444
0.0991566448420794
0.108392374130848
0.107196717029438
0.0980212158302734
0.0852709400547018
0.107033032624628
0.10151525454463
0.10911160329765
0.107498127316569
0.109904282670501
0.0907384740922073
0.0951522324329342
0.103110435433977
0.09736183697832
0.100916373621392
0.103378007896572
0.0957590466260397
0.104227407450582
0.108269759238751
0.105931819212113
0.0964735805923076
0.0961075708219731
0.10251036721865
0.0977276308773657
0.108115519202831
0.0875457916971585
0.101170777935364
0.0960615902374368
0.090359134269783
0.10666427049536
0.106279479922891
0.107814324786989
0.101768579502158
0.0969392149624708
0.0961035232353062
0.0978394522050173
0.101751309799045
0.0927898449828274
0.103688430810014
0.0999551527397305
0.110203750116031
0.102662124734748
0.107341188889537
0.100894678556857
0.101954174842792
0.107751344338452
0.106788882196879
0.106390653636676
0.0971901653358202
0.107597428109464
0.101623837802948
0.103209142580828
0.0922569667061711
0.102392555462731
0.101235971064612
0.103347084334436
0.108781266257806
0.10395481598052
0.100697048391867
0.0979662226194254
0.101872629463409
0.109912215940368
0.103246434345986
0.103087984819931
0.107810493071611
0.0969144976998914
0.102563417587897
0.101496257871207
0.106630918381224
0.102631632915191
0.0973274055077401
0.1029451319945
0.10424602634925
0.103620053579254
0.100454516998785
0.109207342214278
0.103504184664935
0.102628502781502
0.10213404959427
0.107894197163883
0.108207210532792
0.108686013051578
0.107233900858952
0.102713016391107
0.109922361890946
0.110125254199966
0.10813127780692
0.105935920766602
0.101534844864098
0.106090160802523
0.102628502781502
0.0962540934593158
0.101778455613625
0.107378210815583
0.107856149849214
0.107933971448863
0.102143224124048
0.103701167216059
0.100343451220644
0.111949895372416
0.106429370188551
0.0967481688717919
0.102082564291867
0.108739513576761
0.101778455613625
0.10251036721865
0.102690835616172
0.106778844181945
0.0987654320987654
0.101551251082055
0.1069460364952
0.102052450247065
0.106106944795235
0.0982846327705569
0.0960091874820557
0.104636753382163
0.0953140279639668
0.0957813353366189
0.102964884217434
0.101561828775211
0.109554571182478
0.102712206873774
0.10146312162836
0.103038442359128
0.107275725921177
0.101245793208258
0.0969313356604258
0.108812567594697
0.102532547993584
0.111254125840009
0.098302118344958
0.0859419219884336
0.0954573125319759
0.100657921720753
0.102832069406937
0.109256776739437
0.0866208243202984
0.102688407064172
0.095390122593305
0.108115519202831
0.102883986451918
0.103176168241448
0.108461614846764
0.106305492413204
0.104563249208292
0.102648093100969
0.104013317099812
0.0971596735162627
0.109243554622992
0.108754606153627
0.10324994225443
0.0964735805923076
0.100939040106727
0.102757863651376
0.0929725800288836
0.107825226287079
0.0915996386314624
0.110424748348045
0.10759419004013
