"V1"
0.106635721517402
0.106424923203789
0.108329015907555
0.107616424782887
0.107975418736333
0.108313473174754
0.106670908537494
0.108774736151317
0.107226237428196
0.107927873084952
0.107508165331503
0.106269819682712
0.106605391601312
0.108064249771716
0.108532528565168
0.108568147327837
0.106525141449662
0.107411670865363
0.107794356692766
0.105754103173524
0.105681678356097
0.108976036128219
0.106092805225812
0.107731268308584
0.106561893536598
0.106597134524511
0.10616307133035
0.107645297567778
0.107333903233536
0.107116844652544
0.106096043295146
0.105945419103314
0.107116574813433
0.106457411832769
0.108028307202114
0.108736796772292
0.108735015834159
0.106601559885934
0.105986920358605
0.106680946552428
0.10730319554269
0.107780702833742
0.107174266415392
0.108824494483409
0.107457597482077
0.107580644116752
0.107082035407209
0.105689125915564
0.10759321861933
0.107976174285844
0.108098573306652
0.108561077543126
0.106636908809491
0.107552742752661
0.107658087941646
0.109565958392968
0.107475298927767
0.107352198325271
0.10685850068755
0.105820483594861
0.107186786950149
0.106934919123822
0.105898197258866
0.107503416163147
0.107578539371685
0.106839180207193
0.107989396402289
0.107006858230848
0.1064266501741
0.106928389017332
0.107604174087242
0.107496022571502
0.106844091279016
0.107908336733306
0.107710220857916
0.106842472244349
0.109679830497864
0.107173888640637
0.107560514119062
0.106183039424573
0.108377155204981
0.106653962641315
0.106976906089513
0.107566612482973
0.108049678459715
0.107545565032305
0.108500687550055
0.108248927659372
0.107755283989474
0.107257268925976
0.106991693272803
0.105903108330689
0.107043178575206
0.106590766321488
0.107544485675861
0.108797294701007
0.108180118686035
0.106629623153491
0.108099544727452
0.107037242114761
0.107583936153908
0.106948734886311
0.106612191546912
0.107004213807559
0.107454305444922
0.106282933863513
0.107961818845132
0.10778815039321
0.106179153741373
0.107015169275471
0.109336109438109
0.109199678783522
0.107525758841548
0.106623524789579
0.108104185960163
0.106552179328597
0.107094555941965
0.107310157391757
0.105606555147559
0.10675957766941
0.108668527477177
0.106904535239909
0.105390521955189
0.105570396706668
0.106511109815883
0.106056970591854
0.1072961797258
0.106673067250383
0.106846519831016
0.105974129984738
0.105770941134058
0.107217710512284
0.108132303195543
0.10698386793858
0.107105241570766
0.10914700618903
0.107283767126688
0.108999512130887
0.108276073473952
0.107446210271588
0.106309971742448
0.106806961417325
0.108512992213523
0.108023450098113
0.1069402079704
0.106124592273103
0.105600294880181
0.105991561591317
0.107417229551052
0.108435656324273
0.106451691243613
0.106472252983881
0.109745131562757
0.107303141574867
0.106936376255022
0.107357055429271
0.10708230524632
0.107275941792466
0.108616556464374
0.106418770872055
0.106250067459778
0.106072567292478
0.108874792493724
0.105914711412467
0.10712763821699
0.107662513303068
0.107068921226408
0.107537577794616
0.107076908464097
0.107391810706784
0.106299178178003
0.105835378713796
0.107333309587492
0.105891397313266
0.106953861829423
0.10824984511235
0.10805270065776
0.107918266812596
0.106875662455018
0.10671300343883
0.108509214465967
0.106226051778887
0.105535155718754
0.108645591152731
0.10926050051917
0.105642821524094
0.107351604679226
0.106881167172885
0.108037319828426
0.107163580786592
0.108330041296178
0.108322000090666
0.10718219968526
0.107046686483651
0.105994475853717
0.105494571916441
0.109719658750666
0.107617126364576
0.108113900168164
0.107161745880636
0.107113174840633
0.107609516901643
0.106309755871159
0.107302925703578
0.106680244970739
0.106839234175015
0.107812705752322
0.105722370094055
0.107084086184453
0.106855856264261
0.10671834625323
0.10720864391815
0.107434175447231
0.108472138572098
0.106929738212888
0.108614181880196
0.105582107724091
0.105463540418661
0.107241294450597
0.107590844035152
0.105386960078923
0.106111208253191
0.108478722646409
0.107480641742168
0.107499800319058
0.108059392667716
0.105918920902601
0.108154430002655
0.109351760106554
0.107657818102535
0.106984569520269
0.106305384477559
0.106060424532477
0.107091479776098
0.107376321941805
0.107640548399422
0.107050680102496
0.107518203346437
0.106748298394565
0.106439332612323
0.108000351870201
0.107732509568495
0.107205567752283
0.108757952158605
0.106588445705133
0.1060721355499
0.10621131856342
0.106004082126073
0.107075559268542
0.108440243589162
0.107139673041346
0.10667954338905
0.108195499515369
0.106515805016417
0.107212745472639
0.107523060450437
0.106398263099609
0.105727281165878
0.108207210532792
0.108187080535102
0.10917345042192
0.107657818102535
0.106903617786931
0.108449687958052
0.10601854550243
0.107278802087044
0.108512074760545
0.108717638195402
0.1074649371059
0.108598639147395
0.105731058913433
0.10639027586192
0.107076152914586
0.107319817631935
0.1072840369658
0.10512721295055
0.105979418831316
0.10765868158769
0.107501851096302
0.106243483385466
0.105470880042483
0.108055992694916
0.107803315351255
0.107005724906582
0.106383044173742
0.107270976752821
0.107136327036368
0.107182307620904
0.107187650435304
0.107419226360475
0.106670746634027
0.106856395942483
0.107522089029637
0.108054319692427
0.106560814180153
0.108912731872748
0.106763949063011
0.10787207035677
0.107791658301654
0.107586256770263
0.107802667737388
0.107268332329532
0.107030010426583
0.107013226433871
0.107320735084913
0.106931195344088
0.107064441897163
0.104992725137564
0.105635967610672
0.107437953194787
0.107127962023923
0.106313101876137
0.107788744039254
0.105831331127129
0.106366044309741
0.105939590578513
0.106945496816978
0.10616938556555
0.10692007797271
0.1079784949022
0.106798812276168
0.106150065085194
0.106733781050387
0.106931627086666
0.107036432597428
0.1058994924866
0.106863033984617
0.106572471229754
0.107019108926494
0.106840853209682
0.107446156303765
0.107921936624507
0.10603867550012
0.10605346268341
0.106232150142799
0.1072913226218
0.107614266069998
0.105898952808378
0.106086383054967
0.10668148623065
0.108297174892442
0.107642329337556
0.107397909070696
0.107791334494721
0.109270700437571
0.106583156858555
0.106392866317387
0.10681775498177
0.107769909269297
0.105350423863276
0.105919190741712
0.107230608821796
0.108431123027206
0.10722051683904
0.108463341817075
0.106688124272784
0.107574329881551
0.107528295329193
0.108185785307368
0.106463348293214
0.107747404687429
0.108098195531896
0.109796239090405
0.106792821847901
0.106053894425987
0.108402574049249
0.105998091697806
0.10678478064239
0.108591191587928
0.104760123823771
0.107632399258266
0.106116928842347
0.106335174715428
0.106461729258547
0.107249983269975
0.107992904310734
0.10749985428688
0.107453495927588
0.108457135517519
0.106658388002737
0.108403599437871
0.106813329620347
0.107661164107513
0.107520685866259
0.104539233527402
0.107837045240146
0.107140914301257
0.106533290590818
0.107415664484208
0.107762731548941
0.107010797881871
0.108529884141879
0.10724766740498
0.108517093768012
0.106622391465313
0.108368142578669
0.107164929982147
0.105809636062594
0.107803315351255
0.104109379823374
0.107458568902877
0.107380099689361
0.107222081905884
0.107782915514454
0.105647246885517
0.106516776437217
0.107374648939316
0.106953106279912
0.105261215053137
0.107764080744497
0.108369815581158
0.108605223221706
0.108045738808693
0.105408277368702
0.107730512759073
0.106046392898698
0.108763564812116
0.106355250745296
0.108468630663653
0.107379883818072
0.108758275965538
0.10596689829656
0.107040264312806
0.107046254741073
0.107083546506231
0.107904235178817
0.107188891695216
0.107367417251138
0.105751080975479
0.108665181472199
0.107115873231744
0.107740226967073
0.109178901171965
0.106380777525208
0.107408378828207
0.106505335258905
0.106762437963988
0.107125695375389
0.107848162611525
0.108245905461328
0.107516854150881
0.107716750964405
0.108592486815661
0.107673900513558
0.106594220262111
0.105800137725882
0.108268302107551
0.107611459743243
0.106504093998994
0.105453772242838
0.107796623341299
0.106211696338175
0.10569970360872
0.107297960663934
0.106255842016756
0.108568633038237
0.106958718933423
0.108917642944571
0.107162069687569
0.109053048210535
0.108631883325886
0.107418200971853
0.107053972139651
0.107315554173979
0.108860922763412
0.107668881506091
0.107352791971315
0.108109852581497
0.107628999285466
0.107185437754593
0.105887835436999
0.107084463959209
0.10725883399282
0.106593788519533
0.10898262020253
0.105443518356615
0.108276343313063
0.106867513313862
0.107162501430147
0.107131469932368
0.107902292337217
0.104656235765987
0.107350093580204
0.106037056465453
0.107462940296478
0.107266767262687
0.108653848229532
0.108303866902398
0.107060448278319
0.106344403213028
0.106725847780519
0.106430319986012
0.108495182832188
0.105990374299228
0.10792226043144
0.107212745472639
0.106526868419973
0.107514965277103
0.108150382415988
0.105968679234693
0.106951487245245
0.107605631218442
0.107177396549082
0.107270868817176
0.107767912459875
0.106767187132344
0.105240977119802
0.108002294711801
0.107264932356732
0.107644218211334
0.105908451145089
0.106939452420889
0.108127554027187
0.107902562176328
0.107953130025753
0.107165091885614
0.105847197666863
0.107143558724546
0.106771504558122
0.106018491534607
0.106366422084496
0.107102974922232
0.106098741686257
0.106086329087145
0.108533122211213
0.107127584249167
0.106454659473835
0.10616404275115
0.108073046526739
0.108325615934755
0.10704884519654
0.106602153531978
0.107061419699119
0.109249221244325
0.107685719466625
0.107292941656467
0.107738661900229
0.106136465193993
0.110104341387491
0.108148061799633
0.108576404404638
0.107562510928484
0.108460481522497
0.105454905567105
0.107833861138635
0.108856065659411
0.107231958017352
0.107705039946982
0.108259991062929
0.107372490226427
0.105846280213885
0.106566426833665
0.108189023376702
0.107316957337357
0.10619458853853
0.107678595714091
0.106986080619292
0.107652529255956
0.107344642830159
0.106552395199886
0.105944825457269
0.107026502518139
0.107826683418279
0.10736698550856
0.107751776081029
0.107216793059306
0.106536204853218
0.106170572857639
0.106521147830817
0.108503170069878
0.107147498375569
0.108116868398386
0.107321490634424
0.107054349914407
0.107622145372043
0.105746061968012
0.108265765619907
0.106597080556689
0.107688687696848
0.106982572710847
0.107360725241182
0.106509220942105
0.106272895848579
0.106374409322186
0.107347611060381
0.105816058233439
0.105758582502769
0.107073670394764
0.108772793309717
0.107845464220413
0.108121887405853
0.107767264846008
0.10570914797761
0.105776823626681
0.106555741204864
0.105794633008015
0.107219977160818
0.107597212238175
0.105829927963751
0.107167196630681
0.106941233359022
0.105481349799995
0.10629594010867
0.108325615934755
0.105672611761963
0.106153842832749
0.108312501753954
0.10741328990003
0.107441137296298
0.106625791438113
0.105621882009071
0.107119758914945
0.108412234289427
0.104959750798184
0.107763055355875
0.106362374497829
0.108486170205876
0.106294105202714
0.10690286223742
0.105197317151622
0.105484318030218
0.105334233516608
0.105851946835219
0.10720378681415
0.107875524297393
0.107248634074419
0.10715213960828
0.105674770474852
0.107987399592867
0.105828632736017
0.10869793994029
0.108420437398406
0.104643445392119
0.105636021578494
0.106447589689124
0.108600366117706
0.105301151241584
0.107836721433213
0.106854021358305
0.105709687655832
0.10786575612157
0.10627122284609
0.108296905053331
0.106530646167529
0.105807261478416
0.106228102556132
0.107524625517282
0.10587477522402
0.106887697279374
0.109606056484881
0.107103784439566
0.106843011922571
0.107019810508183
0.106351311094273
0.107749995142896
0.106006132903318
0.106893255965063
0.109027197623689
0.10618028706564
0.108280121060619
0.107584907574708
0.106148985728749
0.106212397919864
0.106405009077388
0.105597974263825
0.108644727667575
0.106919970037065
0.10805852918256
0.108203486753058
0.106677654515272
0.106989696463381
0.108732479346514
0.107302170154067
0.108453573641252
0.108753796636294
0.106223461323421
0.10626005150689
0.107019702572538
0.10544994052746
0.10583840091184
0.106641064331803
0.106408570953655
0.108879811501191
0.105789991775304
0.10826026090204
0.106778304503723
0.108701393880912
0.107199361452727
0.107083654441876
0.106564591927709
0.105827121636995
0.106533560429929
0.108506462107033
0.106412996315077
0.107151330090947
0.10893097299666
0.10760412011942
0.107527323908393
0.107056778466407
0.106845332538927
0.106908582826575
0.107327481062691
0.107198120192816
0.106860983207372
0.105144104878907
0.107043610317784
0.106546620642908
0.105085603759614
0.109137130077563
0.105666621333696
0.10898817888822
0.107253653081886
0.10686481492275
0.106822666053592
0.107660462525824
0.10748118142039
0.108617419949529
0.108220162810126
0.1071177081377
0.108557947409437
0.105746223871479
0.10548437199804
0.106719641480963
0.107536498438171
0.107009772493249
0.106545757157752
0.107858524433392
0.107370115642249
0.106385688597031
0.107995980476601
0.107753395115696
0.108952398222084
0.10902406749
0.107354033231226
0.108506893849611
0.107029308844894
0.10653841753393
0.108116976334031
0.10628018150458
0.108273159211552
0.107161314138058
0.10708667663992
0.108514881087301
0.106053678554699
0.108013358115357
0.108393291583826
0.10680102495688
0.107929438151796
0.107098387657343
0.108285032132441
0.107587821837108
0.107178853680282
0.107234008794596
0.106184226716662
0.107133142934857
0.108420977076628
0.107700020939515
0.107431800863053
0.107384579018606
0.108261987872351
0.108346555449779
0.10742273426892
0.10876680288145
0.108646562573531
0.10755198720315
0.106804155090569
0.106899030522042
0.107530777849015
0.105833975550418
0.107539898410971
0.105354471449943
0.106105865438791
0.10645865309268
0.106784888578034
0.108654441875576
0.108267492590218
0.106175861704217
0.107975904446733
0.106143211171771
0.10762425011711
0.104686889489011
0.107925984211174
0.107788851974898
0.106695409928784
0.108352006199823
0.106325730346538
0.107114038325789
0.107170866442592
0.106324704957916
0.108447097502585
0.108977978969819
0.106654124544781
0.107432070702165
0.106855802296439
0.107204650299306
0.109323157160774
0.107731969890273
0.106679489421227
0.107702341555871
0.108241695971194
0.108995788351154
0.108092151135807
0.107282309995488
0.107884321052416
0.108006180395001
0.107658141909468
0.108559566444103
0.108187674181146
0.108178121876612
0.10777579176192
0.108934966615505
0.108592756654772
0.106114446322525
0.107184088559038
0.108254270473773
0.107782267900587
0.106010882071674
0.105692741759653
0.105871914929442
0.108874090912035
0.108309101781154
0.10825324508515
0.107341890471225
0.109926625348902
0.107772499724764
0.107346639639581
0.106593626616066
0.106078719624211
0.109161253694097
0.106171922053195
0.106852024548883
0.108369113999469
0.105829820028106
0.10744674994981
0.10805610063056
0.108004291521223
0.105431213693148
0.106351850772495
0.106405224948677
0.107517285893459
0.106777710857678
0.106494919469216
0.106300581341381
0.107368388671938
0.108346015771556
0.107000921770404
0.106087732250523
0.109741839525601
0.108474513156276
0.108630911905086
0.107148793603302
0.107800562992321
0.105723503418322
0.107057156241163
0.108558163280725
0.108230524631993
0.107782969482276
0.107641088077645
0.107047172194051
0.106626708891091
0.10618222990724
0.106916300225154
0.107869048158726
0.10742710566252
0.105981037865983
0.107054565785696
0.106561893536598
0.109383924928601
0.106530160457129
0.105166069782553
0.107362722050605
0.105404175814213
0.106343701631339
0.106176347414618
0.10696568078249
0.106415208995788
0.106636962777314
0.108747374465449
0.108727892081625
0.105804563087305
0.107764242647964
0.108037589667537
0.109106692225827
0.107448045177543
0.107888962285127
0.106986404426225
0.107483448068923
0.107867968802281
0.107330935003314
0.106553636459797
0.108503439908989
0.108358212499379
0.108266251330307
0.106414615349744
0.105294944942028
0.108606788288551
0.109815883377695
0.107865486282459
0.106218496283776
0.108373323489603
0.107391271028562
0.107051057877251
0.107831054811879
0.107615561297732
0.106331289032227
0.108681749593622
0.107182253653082
0.108905662088037
0.107422248558519
0.1076448658252
0.108445154660985
0.107277398923666
0.107349391998515
0.106607334442912
0.109399143854468
0.107068327580363
0.106007967809273
0.109739410973601
0.106471119659614
0.107686097241381
0.107735801605651
0.107620688240843
0.109048353010001
0.106916354192976
0.106559842759353
0.106003704351318
0.107710652600493
0.107791928140765
0.107603040762975
0.107289163908911
0.107627218347333
0.10869599709869
0.10743779129132
0.107097416236543
0.107156079259302
0.106405602723432
0.105876340290865
0.107412480382697
0.107968996565488
0.10633280013125
0.108051783204782
0.107425540595675
0.10652800174424
0.106452176954013
0.108224318332437
0.108787580493007
0.107877359203349
0.106270089521824
0.106429888243434
0.106246289712222
0.107569904520129
0.106923855720265
0.107890635287616
0.108340672957156
0.106127560503326
0.106458761028324
0.104996772724231
0.106925690626221
0.107618259688843
0.107020781928983
0.10748895278679
0.108120160435542
0.10715748242268
0.107140050816101
0.108125395314298
0.108032894467003
0.109794727991382
0.108963515593463
0.10726369109682
0.104704698870346
0.109141231632052
0.106521795444684
0.107998247125134
0.106364857017652
0.107147012665169
0.107005832842226
0.107266173616643
0.106701994003096
0.107413829578252
0.107281068735577
0.106822773989237
0.10684225637306
0.107437953194787
0.108111093841408
0.107780540930276
0.109409991386736
0.107296827339667
0.107770826722275
0.108243584844972
0.107028121552805
0.106980252094491
0.107216900994951
0.106855694360794
0.106208728107953
0.107077717981431
0.107037296082584
0.107604767733287
0.107989018627534
0.107248148364019
0.109038476898534
