"V1"
0.102262628422808
0.10263934320044
0.104447622939654
0.104989859086712
0.102070797033391
0.102206141174895
0.101733974421324
0.102733911973313
0.104361332840521
0.104160837349085
0.101892576821119
0.10358551928322
0.101774051420278
0.104229834791059
0.103642793443501
0.103557320585335
0.103209570047902
0.103665532879819
0.103302672334469
0.103534123276992
0.102448802236832
0.103123036564433
0.103950425189363
0.101245810767623
0.103884419137446
0.102362921406546
0.103404393476772
0.101787523520046
0.102725190361768
0.104041690155447
0.102571238501297
0.102710038948477
0.103503892253098
0.102135601894138
0.103173595546861
0.10384652341869
0.10262859651741
0.102582396821798
0.102590423498772
0.102702796077847
0.101522049055503
0.102489079339168
0.103280262481478
0.103103604624802
0.101651945027694
0.103318648094158
0.102846863655897
0.102830607431215
0.102685684913904
0.102053027406817
0.102603056550723
0.104324930734164
0.103885678001244
0.10363086870048
0.102864291437469
0.102053332555985
0.102481045023333
0.103544382109818
0.102923422577211
0.10409285271348
0.102300334566629
0.103639113425566
0.102639007634247
0.102334450248659
0.10285436664571
0.102447441024411
0.104097043597701
0.103266910756137
0.104029665280459
0.103698159991533
0.103096598454373
0.102743893222081
0.102797519170926
0.102865943202678
0.10407898003908
0.103753673509489
0.102684440961405
0.103722856365474
0.101739248898778
0.103700410322859
0.102777363555025
0.103629480823856
0.103174243258593
0.102155125862374
0.102336254866523
0.102786969809044
0.104106705301233
0.102601584925711
0.102841908994133
0.102745724349879
0.10175310441637
0.102638383275683
0.104710610237284
0.103001183242863
0.102801136326827
0.103019183642625
0.102542806610649
0.102708038928431
0.103156305594418
0.10439552545156
0.103195659216067
0.102304239762293
0.102238606969041
0.102497002883712
0.10334968854919
0.102543236038745
0.102777363949434
0.101397752624566
0.102653496406048
0.102447134932511
0.10216461505237
0.103115467069087
0.104121257084111
0.103251171199191
0.101926594409929
0.102721914008322
0.101504458615237
0.102770849394585
0.103767888725487
0.102434664973775
0.102632582386008
0.103283243822222
0.102846887111226
0.103470831037203
0.101740570961739
0.100910526247536
0.102704292259934
0.102605233256431
0.102268624974361
0.10370649393853
0.103940841983778
0.101734548770947
0.103474264467735
0.102605395270066
0.101677938213784
0.102201398426231
0.102513689908705
0.10280291449127
0.10262290196993
0.103131837395002
0.1021847087667
0.102198421706935
0.103600480380849
0.10301176978728
0.101938695282159
0.104177331112969
0.102855944173751
0.101778426317017
0.103242885434822
0.102984504159001
0.10267489911951
0.102332093782595
0.103168575401504
0.103224858844926
0.103363154621544
0.103769976226105
0.102354605334197
0.101517738354413
0.102855944173751
0.10272231511004
0.1026187561003
0.102454533872319
0.104142535027358
0.102588527019263
0.102522211786551
0.102949406651892
0.103350934024403
0.104544884396376
0.101935886805978
0.10385837881754
0.102690034413257
0.103399023343009
0.103725590567338
0.102522505869686
0.102602904653925
0.101920596755692
0.102670419700621
0.103614898286267
0.103731623721192
0.103990792887495
0.102826314652845
0.102096099616958
0.103173253244692
0.102146635575563
0.101700147965741
0.103066918111828
0.10254141021488
0.102016640972159
0.103468843204205
0.104000643471464
0.103313225689405
0.103087605315092
0.102924836813071
0.102347694633409
0.10400422589071
0.10439428787388
0.101917242659999
0.103508257582138
0.102097801300821
0.102990418737459
0.103768707174396
0.103213648460654
0.103518030188174
0.102556209734529
0.102147650571973
0.104569847174874
0.101578574019849
0.103310441636972
0.102491935379393
0.101381304346887
0.102487032814214
0.101865208975987
0.103668058834211
0.101847383705239
0.103417766489788
0.102120469905203
0.104014152929365
0.101657446036641
0.103026131087356
0.10198351507141
0.102702750866734
0.102743585756828
0.103326660793104
0.102123629446337
0.103844982734829
0.103964835231272
0.102327939156798
0.102926341886217
0.103493467228161
0.102289182121858
0.103149739743565
0.102703998341582
0.102300093921042
0.104122350774339
0.10274132324554
0.102557499190152
0.102613493432228
0.102813003546697
0.102536781221923
0.102297383673223
0.104685927260317
0.102279348091329
0.103336917121657
0.102498524939863
0.103084894109111
0.103494907602415
0.104656634102943
0.101962389294467
0.102797643339746
0.103367203493042
0.103842158234847
0.102155341860957
0.102824344574141
0.102054582893096
0.103431661527299
0.10355814767066
0.103631732498904
0.103269610860901
0.103619628391799
0.104199990494338
0.102620710054062
0.103022812825978
0.102713955356333
0.102331722568414
0.103839520740673
0.103045178152912
0.102823175539211
0.1028725205612
0.104050645224045
0.104057312986856
0.103178058054946
0.102507811268524
0.102765104136288
0.102762375468007
0.102660731019532
0.102848483277942
0.10241615216673
0.102839795239822
0.103585682538243
0.102332899235253
0.103130359464842
0.103183248608085
0.101126387332111
0.10203877214695
0.102636170166796
0.101736102113619
0.103372952899137
0.103465471654094
0.101954544571195
0.103225200481934
0.102745026906101
0.10367670877875
0.102970495321876
0.103640259386904
0.103074002340575
0.103522219269304
0.102801708304703
0.102786651719565
0.103845568077977
0.10301217307929
0.10344475114852
0.104553709252701
0.103240596728621
0.103518027766259
0.102138147946531
0.103277588470541
0.102355146403035
0.103351644196699
0.102818475050521
0.103377902619296
0.10260614404492
0.101103278628336
0.102478140729594
0.104350059969529
0.1023222707367
0.102836863349812
0.101785120343493
0.103991120408811
0.103746218995765
0.103396009292364
0.102791483770016
0.103007771673879
0.102300334566629
0.104077127131019
0.102095911827455
0.102752648802774
0.103327395796224
0.103292637630083
0.104264333467301
0.101933085742804
0.102764631901045
0.103200157211313
0.102792461019233
0.102823175539211
0.103026940935104
0.102922318378698
0.103428124514224
0.101934348342512
0.103058556574607
0.101573445449284
0.103213291037966
0.102084642884144
0.103475909537856
0.102085048055424
0.104236756593365
0.102652069623642
0.102003542305589
0.103190178017756
0.101507004325471
0.104598938967988
0.103222629038007
0.103823289163188
0.102719174871074
0.104046366653495
0.102516551642204
0.10277878540552
0.102621617885599
0.104062656527972
0.103849139764744
0.102892028487591
0.102611334020427
0.101828910083627
0.101027974111961
0.103116936163591
0.101470953460749
0.102137912121134
0.104432045000907
0.102029294395066
0.102769625310442
0.103518882149122
0.104411472538768
0.102881119787448
0.102470617322338
0.102996706619156
0.10143077561393
0.101938815613312
0.103631902688506
0.10173237715184
0.102087179586839
0.101984864778489
0.102273272202961
0.101949377093361
0.102791522829379
0.102675764720106
0.103594109451447
0.10263055616733
0.102356335242241
0.104442698376697
0.103744696699809
0.102872682545442
0.103734618535354
0.103078428705299
0.103568513648318
0.102949406651892
0.103333311740331
0.103238388969521
0.10330629620508
0.103645468537878
0.103015466310782
0.102254087740665
0.102909638931547
0.103189087823395
0.10233651470385
0.102572619533947
0.102903105270774
0.103967767993486
0.103664587345537
0.103110903818291
0.102817420728495
0.104270450524023
0.103654854239968
0.101876786901955
0.101642386223225
0.102033019356845
0.10215300953677
0.102155382788036
0.101749303085856
0.102776212285123
0.103404060036713
0.101928943874081
0.101893156718593
0.102980563654033
0.103019611525981
0.104080328651582
0.102643445498807
0.102753289935335
0.103599523679854
0.103134866645071
0.103402000535434
0.104404356889047
0.102573828860068
0.102178256099247
0.103145845885404
0.102239962863404
0.102517702468952
0.102682824093575
0.10392567652231
0.103238826540658
0.101926275363634
0.102777363949434
0.103239635243632
0.102518439587679
0.102310708400554
0.103106911759624
0.103360455373878
0.102446291952325
0.104203239814041
0.102014897012176
0.10149016063086
0.103193551943041
0.102974813672578
0.101598607051585
0.102623165567466
0.103820080872717
0.102536781221923
0.102414433680027
0.103060244737496
0.103137207242244
0.104375859827354
0.10198421694681
0.101998251125433
0.102643054772596
0.102747348259093
0.103182576037354
0.101886518341856
0.102818625068319
0.102352612850708
0.102831767627686
0.104280984989343
0.1024561466012
0.104062272557442
0.102153580499689
0.103808552212542
0.103243857296195
0.101763524457402
0.102191763366873
0.102854389999028
0.104680270565226
0.103621146458856
0.103370243388164
0.103441612419169
0.102055427326599
0.102447029963808
0.103121162505117
0.10197763167838
0.102593147987408
0.102438459395188
0.102732172282946
0.10253023465899
0.102597785451883
0.103017830426363
0.102656986049284
0.103731623721192
0.103727905349368
0.103857268073843
0.102901873479634
0.103832607775561
0.102948627407787
0.102796238542619
0.104386200891102
0.101867270756689
0.102118862881602
0.103217206962614
0.103044416786589
0.103972914669223
0.102163393019098
0.102311092683411
0.102139109907388
0.103349074631893
0.104251592597636
0.103049296519623
0.102252373392088
0.10422025376082
0.102839293277667
0.104055029143497
0.102637801141406
0.104170310485778
0.102384947448663
0.102847124158451
0.103053860735444
0.102047016602859
0.102794815165038
0.103155190987852
0.101773325300737
0.103613922437625
0.103357613563245
0.102351148632159
0.102340580789599
0.102903358168664
0.104054024858435
0.103037684915236
0.104050782709347
0.103708479672373
0.102228161105712
0.102720579342042
0.102754204348164
0.102969361069901
0.102762220234314
0.104045977830613
0.102387970106648
0.103482967290375
0.102651375135374
0.10220613324695
0.103153890008228
0.101936764185086
0.102935488819603
0.102856851192907
0.10140714739476
0.104059401235888
0.104189854255611
0.10227203015477
0.103747783415085
0.102723897691224
0.103148317270325
0.103834503514863
0.101752502880664
0.103949268313771
0.102260582310458
0.103934078393262
0.10246872171127
0.103551237283268
0.103492668096123
0.102920404616165
0.102689492361557
0.10236518376913
0.102326807896233
0.102670434303851
0.102426849997948
0.102700014034179
0.101962198154522
0.103579527783537
0.102195763597423
0.103475352781664
0.103038852804031
0.103341290715452
0.102725323742561
0.104460370739968
0.103023904520096
0.104469407524168
0.102964343465092
0.103496341816516
0.102771515807157
0.103095745576812
0.102954082635276
0.102554275520077
0.103047113840095
0.103260975183163
0.102656018392474
0.103386359759087
0.1023672960456
0.101115565090023
0.104212025357565
0.103164956113069
0.104257423604362
0.103468847856603
0.102283473236955
0.101486286578123
0.10202379332612
0.102388887449421
0.102561361913831
0.102749237732459
0.103355945307961
0.10266074370618
0.103218798856383
0.103802284244762
0.102893917834565
0.103640401762084
0.10334968854919
0.102278487166191
0.105156982902103
0.10338664178363
0.101983551040155
0.103314032690194
0.103944953633233
0.103696366750247
0.10258526850508
0.103211710515234
0.103833024174893
0.102798059044941
0.103261846431704
0.103960186361711
0.103087483746107
0.101615927891959
0.101963235754557
0.101974371933098
0.102805470803022
0.103165064102564
0.102839754182462
0.103993832960719
0.103114641167337
0.103283163689531
0.102859604124566
0.102056139646263
0.104211240636765
0.10180545205154
0.102191789104541
0.103643662139237
0.102589782285783
0.102087166960398
0.103238987798078
0.104398560439727
0.102149271427924
0.10275303355209
0.102928953642041
0.103019565419239
0.102974489718787
0.102650840431389
0.102398713430593
0.102433000956744
0.103445518531237
0.103128322485284
0.102902997276381
0.103556195143454
0.101747590535806
0.103665923665243
0.104933669843862
0.104333774270454
0.102731092436975
0.103126902797031
0.101899234346863
0.102255721521995
0.105313576977745
0.103006271007768
0.102041602964422
0.102710038948477
0.103539952488932
0.101712055157165
0.102842846769279
0.102509734268515
0.102817807541931
0.10256931715879
0.102631658504142
0.102780225428645
0.10206962283847
0.103372503039215
0.102794805666075
0.102052630783416
0.102014232593092
0.101727551390725
0.103081667508756
0.102379926573804
0.103397965972816
0.102675507087672
0.101934233574593
0.103125047251833
0.10378941525356
0.101599705756543
0.102716600379156
0.103640401762084
0.102367073212882
0.102998378292002
0.102644134716526
0.103512946955068
0.10343088024397
0.102661080303698
0.102636312790047
0.10426685418746
0.103488608141669
0.101966329137432
0.103757180461365
0.103148935249776
0.102576161972135
0.101828910083627
0.102292912991157
0.101648085888325
0.103936354647046
0.103398352811104
0.102838753080261
0.102139228860395
0.10267380833641
0.10159869189593
0.102702210845781
0.102393047752961
0.103500124148503
0.102818878322234
0.102406216193456
0.102683849175754
0.10274132324554
0.103630441690499
0.102978107028944
0.102147219720579
0.103123515413784
0.102502612397879
0.10274761818386
0.103057315145862
0.103723254914919
0.102053915691929
0.103287480593289
0.10310795579681
0.102666062117434
0.103488762613173
0.10311010285507
0.102411290548959
0.1033572896829
0.103486957441664
0.104018214712099
0.102565058332631
0.102630590125488
0.103290401667585
0.103234393358214
0.102470009915684
0.103524131317909
0.104395039322444
0.103816477386837
0.102973058780842
0.103366563208038
0.101714400162387
0.104835576987476
0.104728471398541
0.101530419441493
0.101735940158759
0.103237993755587
0.103249786219585
0.102967093599038
0.102435450383592
0.103405015599529
0.102603056550723
0.101716349911689
0.104163562109501
0.103195724700625
0.103894307099115
0.102075303435663
0.102267918140322
0.102419211897196
0.102051468252167
0.103127610930123
0.102291341422072
0.102033349962961
0.102995193179757
0.102543763617087
0.102497387365212
0.102061548428895
0.104453714804134
0.102045682243152
0.103162312042862
0.104994640804225
0.103655718195111
0.103958263127425
0.10257905012429
0.102486183370804
0.101949784767175
0.103683982095083
0.102004989793604
0.102623182866471
0.10351263095832
0.102779037598077
0.102623786638341
0.101662250697486
0.102609086017672
0.102268786907191
0.103129665277481
0.102289182121858
0.103151730512168
0.103874350919239
0.102861034538674
0.102195036632528
0.104160917529847
0.102438659679171
0.102152081119147
0.102561922501952
0.102020678112515
0.101400429954196
0.102882776902785
0.10230092853579
0.102875400568354
0.101443762105577
0.103132982662979
0.102860589285174
0.104215028412526
0.103522790334109
0.103391509912805
0.103671165917152
0.102607820276149
0.102790783131228
0.102736804470915
0.103051799831991
0.103164761257031
0.102293707336363
0.102124577837665
0.102325134470421
0.102700014034179
0.101100214897545
0.102124855294077
0.102657770895559
0.103117518032284
0.102283473236955
0.103554256684076
0.102957822264865
0.103167961519438
0.103011172701438
0.102075641175124
0.104337267024393
0.102207691094942
0.103813832004164
0.103035592836092
0.102762932588807
0.103846498675688
0.105356169008232
0.102050078602092
0.103437557377226
0.103796145608427
0.103695488266988
0.102247068383494
0.100853865861351
0.10305308158176
0.102517835273993
0.102287068289744
0.103908387369821
0.102822037411265
0.103428294988003
0.103408725300305
0.10381265593105
0.102880313199105
0.103047895500726
0.103655875983869
0.103228207802415
0.102126748763261
0.102643054772596
0.103811564533301
0.103820080872717
0.102382140103785
0.103765386501133
0.102943512434969
0.102895706210298
0.104041690155447
0.103197562692439
0.101783042151699
0.10267380833641
0.102585670891651
0.102237323598133
0.101961734115284
0.103793889929707
0.103922854681255
0.103179227885604
0.103297994782894
0.101738365187345
0.103278386616635
0.103940332083325
0.103632615720939
0.103118230101493
0.102033257747543
0.102860589285174
0.103359877151151
0.102833811618331
0.102812207607552
0.102749479396186
0.102853471547349
0.101203974265111
0.102257812702444
0.103291748464999
0.103519079169152
0.10263934320044
0.102761600286768
0.102533001589605
0.101081863196236
0.102935507279242
0.102830932717946
0.103571806706166
0.102760613676011
0.10410152495848
0.102284606715374
0.102784652797125
0.102310333201496
0.103014152227161
0.104004471373489
0.102762375468007
0.103551939119487
0.10409536562117
0.103017310319189
0.102208224028673
0.103893002355797
0.103120142235349
0.103324015530391
0.102327171173273
0.103209534607494
0.102439145521719
0.101907849704068
0.102068141109159
0.102159681906144
0.102851493981734
0.103366412312635
0.102616898725566
0.103575909932207
0.102375445915714
0.10318079344925
0.102312619824861
0.101033755000821
0.103552586968305
0.103427485103525
0.101966725834176
0.104468783020764
0.104221840877684
0.10211816554491
0.10347862422825
0.101521334965764
0.103509229443512
0.103721731122194
0.102448970337693
0.102026417115302
0.10214366735805
0.103878925073838
0.10373281887138
0.103686712585883
0.101799156539089
0.105066356004338
0.102693129615945
0.104016494146403
0.103306656298264
0.103586383081644
0.103652009835988
0.104564357077981
0.101768005614944
0.10191680437201
0.103115824222326
0.102332084918151
0.103888806055616
0.104606784888204
0.102040075927881
0.103338213573113
0.102909290984173
0.101924638263232
0.104256859163687
0.103950425189363
0.104211403343938
0.10341256526189
0.103011804858028
0.10274432965206
0.102908462631945
0.101799374956804
0.102881316223038
0.102283473236955
0.102042428601668
0.105417247980273
0.103164201601914
0.103071062370777
0.10190112282384
0.102159883997132
0.103644962747004
0.103493863970271
0.103540540774053
0.104365169560869
0.102892814496678
0.103084894109111
0.101922283363688
0.102635294879684
0.103652988740271
0.102834297460879
0.103230251236964
0.104091701149723
0.103302515543918
0.103359292830471
0.102527669418489
0.103150799772697
0.102049769710632
0.102168905390432
0.103188819856998
0.103400103237957
0.104216760160126
0.101434025640195
0.103771092431892
