"V1"
0.092389556021901
0.0928574127329568
0.0923072438986476
0.0928478591291431
0.0932309208594573
0.0928476972036548
0.0922283861858127
0.0931581623400176
0.0928994593847695
0.0929238561583502
0.0924307197374529
0.0922672755341084
0.0924634480197592
0.0921943278580928
0.0920159939202377
0.0930617626992763
0.0932440907991779
0.0930766058690433
0.091471060676719
0.0927021261896126
0.0928346891894226
0.0927782311691452
0.0917673349094796
0.0916724425328307
0.0920806749360365
0.0926151182271966
0.0925683757362212
0.093561820556833
0.092632272133519
0.0919974264642382
0.0924235063992953
0.092730565361488
0.0924339775808764
0.0917649014629428
0.0924183247836675
0.0921943278580928
0.0920619267837712
0.0935036033818678
0.0921374920116759
0.0924981000742698
0.0923327503751444
0.0925523990880357
0.0921474234416291
0.0922796086152996
0.0937000189992573
0.0930772735320663
0.0923308071811813
0.0924655892735693
0.0931389471820647
0.0933508536711747
0.0923020622830198
0.0926685536383578
0.093023440333696
0.0927393150767743
0.093150120040762
0.0918803003609859
0.0917880568077793
0.0930941585430363
0.0924576005872764
0.0924337616802252
0.0919159779435895
0.0924361174984616
0.0930617626992763
0.0924440169611552
0.0923280783114842
0.0926659088553811
0.0924538404407828
0.0924815836744564
0.0915239563362523
0.092124828621088
0.092668499663195
0.0930663600738414
0.092949494360675
0.0922444969826516
0.0926189504637546
0.0922424197281379
0.0928700968962122
0.0927722939012384
0.0912425106066004
0.0926369781681262
0.0919769159023784
0.0924697631138055
0.0935499680467036
0.092207065996511
0.0924877908181771
0.0923072438986476
0.0912985933434811
0.0923655370744598
0.0927761261377964
0.0933096166468038
0.0932507837193637
0.0925078695787346
0.0933131790075479
0.0926371301184269
0.0915603847524047
0.0922713504153928
0.0919213214847056
0.0928312887541669
0.0929580224363957
0.0928590319878405
0.092398657037061
0.0927995487471797
0.0922538890868068
0.0929978021313712
0.092729923398449
0.0919734075167971
0.0925944997150111
0.0933458879561981
0.0924389972710158
0.0933089149696875
0.0923855618598546
0.0930407123857886
0.0926553836986372
0.0926810219009621
0.0928608131682125
0.0919320085669378
0.0923638638444133
0.0925194202635715
0.091814504637546
0.0929314126811406
0.0922508663406419
0.0933055145344318
0.0929736752336045
0.092201452579581
0.0924494144774341
0.0924003510544588
0.0921437531305594
0.0927761261377964
0.0919213214847056
0.0921463979135361
0.0932022600480163
0.0921617268597682
0.0919790890738522
0.0925706317173824
0.0933405983902448
0.092847373352678
0.0926114907536354
0.0920781193326079
0.0922689755082301
0.092686149541427
0.092774607349061
0.0924680359085963
0.0939376716410177
0.0919524651536349
0.0932673540943399
0.0919065322901014
0.0927771516658894
0.0926759482356599
0.0930014724424409
0.0918162318427552
0.0929805840544415
0.0933391410608494
0.0927282501684025
0.0929113878957459
0.0925514815102682
0.0921959471129765
0.0918124601915126
0.0937397447190701
0.0931852578717377
0.0934164334939634
0.0920526970309342
0.0929113878957459
0.0925837586576161
0.0932943416757345
0.0926315806518472
0.09305312667323
0.0924978139067915
0.0928436490664456
0.0931704147019707
0.0916844784703871
0.0919506839732629
0.0939856015855744
0.0932211513549925
0.0924389972710158
0.092956133305698
0.0931558414080177
0.092415895901342
0.0924100665837608
0.0920054687634938
0.0925729096498955
0.0926343333851495
0.0925915850562205
0.0930273265454169
0.0927761261377964
0.0924577085424966
0.0927722939012384
0.0925155340518507
0.0930420701493021
0.0919334119211704
0.0922721874966264
0.092901132614816
0.0923442708603209
0.0926213253709173
0.0920801703887939
0.092990191633418
0.0929583462873724
0.0923132351417172
0.092693058362264
0.0927663566333316
0.0932506217938753
0.0928992974592811
0.0928994593847695
0.0921670164257215
0.0922401527713008
0.0919770778278667
0.0924038594400401
0.0925294056686875
0.0930328859871841
0.0933307209354543
0.091506191231877
0.0922515415306493
0.0926343333851495
0.0922001032005113
0.0918247059433131
0.093352041124756
0.0933508536711747
0.0929904615092319
0.0929060983297926
0.0926418359327772
0.0926275864898009
0.0923855618598546
0.0917153522635024
0.0925422914575034
0.0927293296716583
0.0921773256818143
0.0923700170129713
0.0927745608580755
0.0929381595764893
0.0923988397499007
0.0926756243846831
0.0920798652718852
0.0918873171321485
0.0919851201271223
0.0918165017185692
0.0932555335336891
0.0934688973521944
0.0925933122614298
0.0924879527436655
0.0918236875344107
0.0918374440817313
0.0926979701020778
0.0922175911532549
0.0928277250596453
0.092590181701988
0.0922175911532549
0.0919934471181354
0.0927914011088657
0.091359102244389
0.092519042437432
0.0914945860457082
0.0933131790075479
0.0927730997182369
0.0930362864224398
0.0928800283261654
0.0921742490975353
0.0926847461871945
0.0923284021624609
0.0925632480957563
0.0927630641484015
0.0920838946750263
0.0919090691227525
0.0926171692833826
0.0922067126555905
0.0924011067067378
0.092642645560219
0.0928872623635716
0.0928661567093286
0.0922147844447899
0.0920219311881445
0.093165988738622
0.0920177211254469
0.0920912892723284
0.0924051008687842
0.0932451163272708
0.0925215792700831
0.091792482771128
0.0921943278580928
0.0928611370191892
0.0930890951646824
0.0929167854120248
0.092119268927249
0.0925043072179906
0.0926589460593813
0.0924334378292485
0.0932710244054096
0.0918870472563345
0.0925295527415228
0.0925194202635715
0.0924354349102717
0.0919874410591222
0.0924879527436655
0.0934821752422405
0.0926068060521271
0.0924095268321329
0.0924889242965957
0.0921401367946526
0.0924818535502703
0.0931738151372265
0.0923036815379035
0.0938138420183308
0.0926649373024509
0.0929681157918372
0.0916732519350973
0.0923082694267406
0.0927597176883086
0.0925961729450576
0.091821413458383
0.0930850799696012
0.0933183066480129
0.0927283041435653
0.0927623084961224
0.0918972485621017
0.0925468936214312
0.0932996852168506
0.0925345333091525
0.092627046738173
0.0921184052854876
0.0933136108088502
0.0921494205226523
0.0923179309808798
0.0922880827158575
0.0925194202635715
0.0925573648030122
0.0930074097103477
0.0917737582450799
0.0919175432233104
0.0919651628504496
0.0925331839300827
0.0925193662884087
0.0923787070141804
0.0924964268442234
0.0930273265454169
0.092898056030537
0.0927405025303556
0.0927833048344474
0.0926697950671019
0.0919058306129851
0.0929851719432786
0.0926171692833826
0.0935740949444703
0.0921197881582811
0.092717886937147
0.0927325142062628
0.0926313005365374
0.092383672729157
0.0922620936835401
0.0926595848042232
0.0920554497642365
0.0916730897110386
0.0920675583767853
0.0928238941568648
0.0928162296837487
0.0928425142615312
0.0925309709484084
0.0924080491412162
0.0926228906506382
0.0930104323194639
0.0929764279669067
0.0927308409762164
0.0922136757672917
0.0928661567093286
0.0919097168247059
0.0925635179715702
0.0928353368913761
0.0930170172893241
0.0930617626992763
0.0915323163951593
0.092785949617424
0.0925235763511063
0.0928829993047369
0.0927121589964483
0.091974702920704
0.0915325923622986
0.0924741890771543
0.0917314368620136
0.0924195463721648
0.0920936295624575
0.0933174430454082
0.0936698468832582
0.0922216932656269
0.0922001032005113
0.0925117018152927
0.092504954919944
0.092946259891397
0.0922584232060541
0.0924985858507349
0.0921570849957683
0.0921013286526072
0.091961060552083
0.0925088411316649
0.0932030313825825
0.0921751666753027
0.0927760721626336
0.0927272786154723
0.0927498402335181
0.0929715702022557
0.092813854776586
0.0923604094339949
0.0923413562015303
0.0928300473254227
0.0930207955507194
0.0923588215608166
0.0928034375701677
0.0920054687634938
0.0934338134963815
0.0923871058285023
0.0931601594210408
0.0926161218999253
0.0922972584935316
0.092356793098088
0.0923986238492495
0.0933695290774997
0.09256254641864
0.092627046738173
0.0930956591015079
0.093139648859181
0.0922743190493463
0.0922400448209752
0.0919942419296337
0.0927318068465201
0.0918661139359394
0.0923006049536245
0.092486279513619
0.0924929724338049
0.0929340574641173
0.0926559774254279
0.0915140719629498
0.0927801202998428
0.0926850700381712
0.0927612829680294
0.0924051008687842
0.0920234424927026
0.0926649825652319
0.0926874989204967
0.0925319964765014
0.0923546880667392
0.0930340734407655
0.0931982658859699
0.0919533287562395
0.0927361305421697
0.0922913752007876
0.0925195282138971
0.0922867333367877
0.0924585902551082
0.0922395310425236
0.0921068341192117
0.0921706327616284
0.0923135883235634
0.092328887938926
0.0919607366864225
0.0924381876435739
0.0919726657382518
0.0930386613296026
0.0921425656769781
0.0919590501234952
0.0925076536780835
0.093849026415681
0.0919891682643315
0.0929992594607665
0.0930153440592777
0.0931220529561117
0.0926979701020778
0.0935453573857564
0.0919090691227525
0.0932426334697826
0.0934973962381471
0.0918601224212197
0.0925358287130594
0.0924447726134342
0.0931806699829007
0.0924741890771543
0.0920412003212602
0.092155627666373
0.0931122834516469
0.0931748550701169
0.092078874984887
0.0918601224212197
0.0925616288408726
0.0926924646354733
0.0920041733595869
0.0935852138280049
0.0925869431922207
0.092910092491839
0.0931207575522048
0.0926505259339862
0.0932945575763856
0.0926409723301725
0.0926020022626388
0.0936772414805603
0.0922717282415324
0.092153868575315
0.0926694712161252
0.0925977382247785
0.0928578985094219
0.0924961569684094
0.0920477313159576
0.0929068562360333
0.0932101943969463
0.0924440169611552
0.0921828311484187
0.0930814096585315
0.0932477071350847
0.0916500955403699
0.092263901842928
0.0928994054096067
0.0925649753009655
0.0919445973810064
0.093180831908389
0.0928666964609565
0.0929870610739762
0.0928332318600273
0.0926799963728691
0.0924927025579909
0.0926869051937061
0.0925715602708258
0.0926243479800335
0.0924416771923006
0.0931638837072733
0.0922135430160457
0.0917970765726377
0.0926421597837539
0.0926143625749175
0.0918118124601915
0.0927761801129592
0.0925980385806268
0.0925235763511063
0.0933841023714528
0.09297610411593
0.0921920609012557
0.0926701189180787
0.0918793384504108
0.0938405163479973
0.0924260432319464
0.092901132614816
0.092729923398449
0.092930549078536
0.0921002491493514
0.0922157020225573
0.0924740271516659
0.0929281201962105
0.0930328859871841
0.0920935022540028
0.0925944457398483
0.0923155020985543
0.0923916610532497
0.0924201599392024
0.0931857436482028
0.0932507837193637
0.0924170833549234
0.0927647913536107
0.0925007448572465
0.0928707985733285
0.0926254274832893
0.0924730921613715
0.092333128218415
0.0926530627666373
0.0930254374147192
0.0924651212498057
0.0933781651035459
0.0933072417396411
0.0916443749244348
0.091812723457174
0.0919296876349379
0.092723770229891
0.0922083074252552
0.0924479571480388
0.0923007668791129
0.0923871811147382
0.0928868291966769
0.0924020242845052
0.0922091710278598
0.0924075837262725
0.0929736752336045
0.0926319584779868
0.0925933423156149
0.0922482490457191
0.0919598057757742
0.0922633620913001
0.0921608632571636
0.0924221030450628
0.0926748687324041
0.092163831891117
0.0921119077845139
0.0929303364964213
0.0930469735046721
0.0932456021037359
0.0926375718949168
0.0916364405755048
0.0919644476397741
0.0933865852289411
0.0933258091956405
0.0929949414477434
0.093356143237128
0.0924262051574348
0.092512133616595
0.092901132614816
0.0922928353349139
0.0926200299670104
0.0929232654294998
0.0923072438986476
0.0917432034475016
0.0935230884156347
0.09221807692972
0.0933841023714528
0.0923546880667392
0.0926054026978945
0.0922976902948339
0.0928808379536073
0.092743471164309
0.0924143845967839
0.0919330880701936
0.0924494144774341
0.0915140719629498
0.0932112199250393
0.0918939124051344
0.0929633168161847
0.0931386773062508
0.0929805840544415
0.0922797165656252
0.0930356926956492
0.09277445290775
0.0926824792303574
0.0923350714123782
0.0930814096585315
0.0920848662279565
0.0921570849957683
0.093116871340484
0.0922140287925108
0.0925939059882205
0.092211811268445
0.0924809899476657
0.0929855497694181
0.0935779811561912
0.0922140287925108
0.0933519331744305
0.0931004089158333
0.0919564724552256
0.0920906955455378
0.092197350467209
0.0922482490457191
0.0927354288650535
0.0933568988894071
0.093134521218716
0.0926173851840337
0.092642645560219
0.0916884736211419
0.092382647201064
0.0925856477883137
0.0922596378050676
0.0923462139661813
0.0918453784306613
0.0930139407050452
0.0926092889096154
0.0921595678532566
0.0916531728759694
0.093158054389692
0.0928495323591896
0.0926874989204967
0.0922790148885089
0.0926697950671019
0.0932861374509906
0.0918123456310344
0.0925331839300827
0.0928259991882135
0.0920489361013052
0.0931332258148091
0.092199401523395
0.0924497383284108
0.0932983358377809
0.0922704328376254
0.0918390711532856
0.0925777134393837
0.0935020381021469
0.0916172254175519
0.0931919507919236
0.0927440109159369
0.0928775994438399
0.0924585362799454
0.0927857844566074
0.0926694712161252
0.0925399308254314
0.0924826292174619
0.0923150163220892
0.0921913830143257
0.0928227606784462
0.0925601715114773
0.0923088091783685
0.0930548538784393
0.0927332158833791
0.0928066760799351
0.0921092630015372
0.0925076536780835
0.0929617467226281
0.0931934620964817
0.0927787169456103
0.0929072318082111
0.0930679254245339
0.0924140067706444
0.0925710075460699
0.092181481769349
0.0926014509181591
0.0929294156001174
0.0926756243846831
0.0932475991847591
0.0926269387878474
0.0925703188420816
0.0925123495172461
0.0929834447380693
0.0928352829162133
0.0921130952380952
0.0921969726410695
0.0919103645266594
0.0928125053975163
0.0930621945005786
0.0930633279789972
0.0927970685009586
0.0920454275566495
0.0926450204673817
0.0927916170095169
0.0921810499680467
0.0919300114859146
0.0927290058206816
0.0926240781042196
0.0923326122251585
0.0924701409399451
0.0925453283417103
0.0925370016517149
0.0926123115187315
0.0930062762319291
0.0926946776171477
0.0924720840458055
0.0926843143858922
0.0924981000742698
0.0936877666373042
0.0924026180112959
0.0934821752422405
0.0924325742266439
0.0922586122769746
0.0923918769539009
0.0931656648876453
0.0926807360288815
0.0932343752698758
0.0926824792303574
0.0928014944643073
0.0923996826116527
0.0926823712800318
0.0929382135516521
0.0926774513931621
0.0930276041497987
0.0929167854120248
0.09232915781474
0.0933017564314322
0.0925455442423614
0.0925840285334301
0.0925285420660829
0.0918836468210788
0.0924745669032938
0.0920845423769798
0.0923484269478557
0.0924361174984616
0.0932331878162945
0.0921068341192117
0.0922332979256265
0.0920833738165409
0.0924428834827366
0.0923223569442285
0.092701262587008
0.0924141686961328
0.0924313327978997
0.0922351330811614
0.0923740111750177
0.0931035934504379
0.0924001351538076
0.0936023779297718
0.0925898578510113
0.0917624186054545
0.0916856659239684
0.0927752625351918
0.0922791768139973
0.0929549998272795
0.0925286500164084
0.0918780334041487
0.0936094486760972
0.0924724078967822
0.0924435851598528
0.0924661467778987
0.0922692993592069
0.0923855618598546
0.0925880226954764
0.0925799138517343
0.0927660327823549
0.0930943636976009
0.0919818419319666
0.0918236875344107
0.0921632381643263
0.092616035804964
0.0925231985249668
0.0926826951310085
0.0928514214898872
0.0918122916558716
0.092024090194656
0.092826969373104
0.0923411403008791
0.0930465417033698
0.0933686654748951
0.0921674482270239
0.0926232145016149
0.0924304691952951
0.0919330880701936
0.0927916170095169
0.0931263169939721
0.0929789108243951
0.0923404386237629
0.0928408963331433
0.0921960010881393
0.0922436071817193
0.0925978461751041
0.0925627083441284
0.092341949928321
0.0921966188425041
0.0926346572361262
0.0934717040606595
0.0926296375459868
0.0930679158678343
0.0923778973867385
0.0926737352539855
0.0931049968046704
0.0927405025303556
0.0924015718280057
0.0925190964125948
0.0933621884553604
0.0918094309722438
0.0922892701694388
0.0924680359085963
0.0920798465378172
0.0924383495690623
0.0923655370744598
0.0932030313825825
0.092267734079486
0.0926388672988238
0.0936057783650276
0.0916647235608063
0.092762416446448
0.0931208115273676
0.0918882347099159
0.0919692514292623
0.0929314666563034
0.0923577420086148
0.0921157603825933
0.0932752344681071
0.0928610830440265
0.0927446046427276
0.0930328859871841
0.0925228055402619
0.0925720460472909
0.0928155819817953
0.0924481190735271
0.0924003510544588
0.0929039954226987
0.0928276184430972
0.0931163855640189
0.0923639178195761
0.0919304972623797
0.09159261274332
0.0928495323591896
0.0922391812183706
0.0925660008290585
0.0926366543171494
0.0929211574002107
0.0928177409883068
0.0924233984489697
0.0933519331744305
0.0920131872117726
0.0916654252379225
0.0932840324196418
0.0918122916558716
0.0918653492408933
0.0930786029500665
0.0929279646927239
0.0932752344681071
0.0927214492978911
0.0921960010881393
0.0935793845104237
0.0921767859301864
0.0925226587733389
0.0922819295472995
0.0924260432319464
0.0933519331744305
0.0930482149334162
0.0925087331813393
0.0930442207713698
0.0918862376288927
0.092691277181892
0.0924046690674819
0.0923702868887852
0.0919300114859146
0.0919375263140849
0.0920335358481441
0.0925589300827331
0.0924094188818073
0.0924354349102717
0.0929716781525813
0.0928393850285852
0.0925090030571532
0.0924720840458055
0.0928695031694216
0.0921521732559545
0.0934931322002867
0.0914819013073377
0.0931160077378793
0.0924006749054355
0.0933796224329413
0.0921706867367912
0.0920114060314006
0.0927858416670985
0.0928177409883068
0.0929738911342557
0.0924702488902707
0.0933227326113616
0.0925890482235694
0.0937750444755341
0.0930973323315543
0.093216401540667
0.0926826951310085
0.0929860953676415
0.0924328441024578
0.0930757962416015
0.092632660155103
0.0924155180752025
0.0921283702091645
0.0930085431887663
0.0928963828004905
0.0928808379536073
0.0931982658859699
0.091901091427276
0.0932446305508057
0.0923098347064615
0.0928797584503515
0.0926000591567784
0.0918190994375533
0.0927647913536107
0.0926817775532411
0.0928124514223535
0.0924304691952951
0.0932019361970396
0.0932451163272708
0.0924206996908303
0.0921706327616284
0.0928034375701677
0.0925327521287804
0.0921147144929789
0.091944975224277
0.0928155819817953
0.0919340596231238
0.0920835708240496
0.0922363463635284
0.0923182008566938
0.0928182267647719
0.0920806021900962
0.092762416446448
0.0930607371711833
0.0922395310425236
0.0922805801682298
0.0926345391931427
0.0927857337167729
0.0924918389553863
0.0932561812356426
0.0926068060521271
0.0931619945765756
0.0924177651110319
0.0930352069191841
0.0931341559521111
0.0930225227559286
0.0916303953572724
0.0929154900081179
0.0916984040623866
0.0919330880701936
0.0925928804601275
0.0918118124601915
0.0927282501684025
0.0928080794341676
0.0925703188420816
0.0926701728932414
0.0927031517177056
0.0932598515467123
0.0934703007064269
0.0920283706318619
0.0919793447847039
0.092686149541427
0.0924519513100852
0.0919906942600209
0.0924449885140854
0.0928557394392806
0.0926370861184517
0.0918870472563345
0.0922018006930725
0.0923179309808798
0.0925898578510113
0.0922476276840367
0.0931771076221566
