"V1"
0.10444899932864
0.105683081519475
0.105476006985595
0.10510465440086
0.104677607023588
0.10354309546476
0.104480894311576
0.104240575599205
0.104607880597273
0.104312514706232
0.105317989202118
0.104412355177349
0.104439177184995
0.103774023776064
0.103676126146546
0.10380376004611
0.103850442212335
0.103932797109052
0.103737757399528
0.104157788959911
0.104158922284177
0.103557073130717
0.103696957725925
0.104706156001546
0.103591504601297
0.104774479264483
0.104508741707844
0.104384777620192
0.105746385774946
0.10447857369522
0.103935873274919
0.10529985601385
0.104322498753343
0.104960560315517
0.104399942578237
0.105465537228083
0.104273010260362
0.103367214332127
0.104741289053815
0.104858615099333
0.103935981210563
0.104875399092045
0.104005599701234
0.104139062125598
0.104214293269781
0.104051202511015
0.104228055064448
0.104982741090452
0.104380352258769
0.103297919648389
0.104612198023051
0.104094862479195
0.104262486535028
0.104008945706212
0.103883362583893
0.1038175758086
0.10535393177172
0.104863688074622
0.103744557345129
0.104041812109948
0.103485673701912
0.1041623762248
0.10380036007331
0.104970274523518
0.104822078883686
0.104429732816106
0.104260273854317
0.104442577157795
0.104212242492536
0.104337339904455
0.103676827728235
0.103707589386904
0.104123141618042
0.104391253758859
0.103674830918813
0.104461088120819
0.104049691411993
0.104582515720827
0.104589785771497
0.10344320102582
0.103194301429716
0.103812664736777
0.103739322466373
0.103792642674732
0.104390282338059
0.104089843471728
0.104395355313348
0.103553889029205
0.104339120842589
0.104531300257534
0.104340038295567
0.1039979902383
0.103594526799341
0.104243705732894
0.10351060683578
0.104631194696474
0.104371663439391
0.104311813124543
0.104762012697549
0.106097230587235
0.104183315739823
0.104188658554224
0.105426302621325
0.104766815833727
0.104311651221076
0.104729092325992
0.104126271751731
0.102967582608545
0.105368341180255
0.103797607714376
0.103559231843606
0.105094130675526
0.104000202919012
0.103929774911007
0.103404560065107
0.104391631533614
0.104843773948221
0.104201988606313
0.103973165040077
0.104697467182167
0.104296270391742
0.103973272975721
0.104099881486662
0.10420312193058
0.104222658282226
0.103874457893226
0.103895073601316
0.105278808563182
0.10462164239194
0.103705430674015
0.103067531015307
0.103101962485887
0.10423318200756
0.104358981001168
0.103784007823176
0.103849254920246
0.104273603906407
0.103021928205527
0.103054848577084
0.104397190219304
0.104480084794242
0.104268746802407
0.104321041622143
0.103863232586203
0.104619645582518
0.104980366506274
0.104354987382323
0.105093105286904
0.103814715514022
0.104286394280274
0.103861343712425
0.105078318103614
0.103907702071717
0.104286178408985
0.10333942090368
0.104231670908537
0.102479497624336
0.104608204404206
0.104515865460378
0.104286502215919
0.102839462998582
0.104148344591021
0.103985199864433
0.103926482873851
0.105641850103294
0.103804623531266
0.104758342885638
0.104336692290589
0.103492689518801
0.103332566990258
0.104940592221294
0.105060670625746
0.104029237607369
0.103891727596338
0.104009323480968
0.104257305624095
0.103991460131811
0.104663953164565
0.104728282808658
0.105182691871798
0.103545793855871
0.103530197155248
0.104553535000291
0.103742560535706
0.105154196861663
0.104493252942865
0.104832170866443
0.104796552103774
0.104025297956347
0.104291521223386
0.104799304462707
0.105064448373302
0.104268746802407
0.104700975090612
0.104037008973769
0.10444219938304
0.10428920060703
0.104405285392637
0.104437126407751
0.104452507237085
0.104757479400482
0.103653999339434
0.104123789231908
0.104754834977193
0.103672888077213
0.105182314097043
0.10337190953266
0.105623903004553
0.104305714760631
0.105180047448509
0.104372526924547
0.104208194905869
0.104488503774509
0.104125192395286
0.103066505626685
0.103595282348852
0.10431224486712
0.10396015879492
0.104107652853063
0.104899144933825
0.104089303793506
0.104894827508047
0.104225896351559
0.104371447568102
0.104402155258948
0.105312430516429
0.104056221518482
0.103318751227768
0.104592715639227
0.104800113980041
0.103691938718458
0.104532001839223
0.104570318993004
0.10437916496668
0.103520968657648
0.103301211685545
0.104476414982331
0.105077832393214
0.105614272546137
0.104465297610952
0.103989193483278
0.103851845375713
0.104173601531823
0.104467078549086
0.105388956888345
0.104432377239395
0.10464878820652
0.104492659296821
0.103330138438258
0.103635110601655
0.103824699561134
0.104526119346601
0.104296594198675
0.104008513963634
0.104946204874805
0.104295676745697
0.105829820028106
0.105404715492435
0.103474394427067
0.104497408465177
0.104042999402037
0.10419875053698
0.10390025451225
0.10375696994424
0.103145244679312
0.10460005526305
0.103868845239714
0.104241870826938
0.10445601514553
0.104973890367607
0.10436896504828
0.103484000699423
0.103847204143002
0.105157434930997
0.104225032866404
0.104139493868176
0.104835894646176
0.103561714363428
0.104764279346083
0.103242548662785
0.103301535492478
0.104047370795637
0.103195650625271
0.104487262514598
0.103685786386725
0.10439880925397
0.103352103341903
0.103789350637576
0.104278784817341
0.104254121522583
0.10271188306684
0.105232234332602
0.105616022988059
0.104160271479733
0.103850658083624
0.103633113792233
0.105837969169263
0.104926020909293
0.105267313417048
0.104386612526147
0.103104660876999
0.10499601717472
0.103691620360176
0.104681222867677
0.103572831734806
0.103946774775008
0.10336705242866
0.103307471952923
0.103884603843804
0.104555046099314
0.104423256677439
0.104868383275156
0.104775936395683
0.1039868188991
0.103638834381388
0.105748760359123
0.104808856767241
0.103769652382463
0.104393304536103
0.104072951543372
0.103571374603606
0.104083313365239
0.103792156964332
0.105549780998577
0.103278761071499
0.104915551151781
0.104272740421251
0.103988329998122
0.103953412817142
0.103602136262275
0.105096829066637
0.105435908893681
0.10332922098528
0.10517546018362
0.104239874017516
0.10420117908898
0.103850442212335
0.103400566446262
0.104130912984442
0.105066121375791
0.103903438613761
0.104077484840439
0.103819302778911
0.105106489306816
0.10488619265649
0.10378557289002
0.103438020114887
0.104093945026218
0.104350400117434
0.103734627265839
0.105472175270217
0.104597950517983
0.105443194549682
0.104597572743228
0.104186337937868
0.103879800707626
0.104228432839204
0.104221039247559
0.105076105422903
0.104981391894897
0.104566811084559
0.104002523535367
0.103535647905293
0.104673019758699
0.103842293071179
0.103783090370198
0.104290495834763
0.104640207322786
0.10483065976742
0.103620161514898
0.10431877497361
0.104203985415736
0.104171550754578
0.103633437599166
0.10426955631974
0.104532325646157
0.104295137067475
0.105257491273403
0.104221848764892
0.103636945507611
0.103408985426529
0.10459714100065
0.104337393872278
0.103856972318825
0.105024134410099
0.104669242011143
0.103293710158255
0.103757995332863
0.105556796815467
0.104111538536263
0.104452453269263
0.10447663085362
0.104813875774708
0.104259248465695
0.104526173314423
0.104361301617524
0.104685378389989
0.104740641439948
0.104045050179281
0.102947776417789
0.104341441458945
0.10390316877465
0.104416618635305
0.104078780068172
0.1045198051114
0.104879338743068
0.104581436364382
0.104565246017714
0.103105956104732
0.104541985886335
0.103357446156304
0.10476881264315
0.103368293688571
0.1041599476728
0.105532403359821
0.104742530313726
0.103520213108136
0.10413620183102
0.103186368159848
0.103425283708841
0.103808239375355
0.103901064029583
0.105682919616008
0.104237175626405
0.104687051392478
0.103820058328422
0.104266911896451
0.105182206161398
0.10390851158905
0.103255446972297
0.104317587681521
0.104217477371292
0.104420072575927
0.104728606615592
0.104618667668355
0.104926236780582
0.104978369696852
0.102901040283741
0.104291359319919
0.104156439764355
0.104449161232107
0.104594550545183
0.104456554823752
0.10429114344863
0.105347293729587
0.10402950744648
0.104910154369559
0.104493037071576
0.104739993826081
0.104480084794242
0.103709100485926
0.104179160217512
0.1039970188175
0.104341603362411
0.104916198765648
0.104124598749242
0.104064802402216
0.104406094909971
0.103849200952424
0.104526011410956
0.104478519727398
0.103896908507272
0.103831175699801
0.104872430861823
0.105257437305581
0.103889622851271
0.105611034476804
0.104924617745915
0.105090244992326
0.104502481440466
0.104747549321193
0.104646683461453
0.103899876737494
0.104563303176114
0.103734573298017
0.104411545660016
0.104108840145152
0.104732492298792
0.104118932127908
0.104162646063911
0.103204285476827
0.105354255578654
0.105195698116955
0.104153363598488
0.104788780737373
0.10426372779494
0.104487262514598
0.103105794201265
0.104316022614676
0.10446135795993
0.103556155677739
0.104280026077252
0.105024188377922
0.103643853388855
0.105096289388415
0.10402222179048
0.10505495003659
0.104463462704997
0.10484544695071
0.103314703641101
0.103419023441463
0.105698894091387
0.103771919030997
0.104298537040275
0.103819464682378
0.103885305425493
0.10501711859321
0.104864389656311
0.104410142496638
0.104225842383737
0.10341918534493
0.104678416540922
0.103758912785841
0.103974244396521
0.10321939646705
0.104809504381108
0.104328327278144
0.103980828470833
0.104081748298395
0.104405393328282
0.104364323815568
0.103996425171456
0.104356984191746
0.103477254721645
0.104800113980041
0.103836572482023
0.104017526589946
0.10400889173839
0.104015044070124
0.10488980850058
0.104452885011841
0.105164774554819
0.104442793029084
0.104311489317609
0.103797715650021
0.104247645383916
0.103373258728216
0.104003602891812
0.103087876884287
0.103437426468842
0.104540798594246
0.104960344444229
0.104464164286686
0.103898203735005
0.103977158658921
0.10412141464773
0.104337663711389
0.104272686453429
0.103029969411038
0.103985253832255
0.104035012164347
0.103834413769134
0.1034786039172
0.104467456323841
0.104582677624293
0.103467486545822
0.104003171149234
0.104894719572402
0.104106303657507
0.103982015762922
0.103742452600062
0.104389256949436
0.103730471743528
0.103555022353472
0.104794663229996
0.103666627809835
0.104070630927016
0.104159785769333
0.10467280388741
0.103727989223705
0.105048959608323
0.105147073109129
0.104557258780025
0.104095725964351
0.10471160675159
0.104945287421828
0.103632196339255
0.104472907073886
0.104424390001705
0.10420360764098
0.104956566696673
0.10531270035554
0.10479525687604
0.103707805258193
0.104139062125598
0.104384885555836
0.104986518838008
0.104361139714057
0.104561468270159
0.103677475342102
0.104239550210582
0.106052113487854
0.103438289953998
0.104744041412748
0.104550188995313
0.105726957358944
0.104737349402792
0.104420936061083
0.104297835458586
0.104192922012179
0.104533998648646
0.104443116836018
0.10289979902383
0.102971684163035
0.104229943938226
0.104068148407194
0.103447626387243
0.103654377114189
0.103835816932512
0.103894533923094
0.104343708107478
0.103704081478459
0.103774293615175
0.104115046444708
0.103804299724332
0.10494145570645
0.10373683994655
0.105214370983445
0.104589099795138
0.103816226613044
0.103821785298733
0.105166825332064
0.104911341661648
0.103957784210742
0.104114560734308
0.104101122746574
0.102983503116102
0.103786706214287
0.104481272086331
0.104624448718696
0.10448343079922
0.104116665479375
0.104163509549066
0.104395355313348
0.104273819777696
0.104846202500221
0.104146833491999
0.103760963563085
0.104231509005071
0.104269826158851
0.103799658491621
0.103315998868834
0.104434751823573
0.103234237618163
0.104775505886264
0.103788433184598
0.103833766155268
0.10426059766125
0.103630307465477
0.104154712794044
0.104866494401378
0.104895367186269
0.104109487759019
0.104391901372726
0.104928827236049
0.104574366579671
0.104735190689903
0.104656019894698
0.103800629912421
0.104948471523339
0.103983688765411
0.104152823920266
0.103547358922716
0.104335882773255
0.104791101353729
0.104267235703384
0.105488473552529
0.104953814337739
0.10421839482427
0.104297349748186
0.104617648773096
0.10413134472702
0.103262085014431
0.103358201705815
0.104834275611509
0.103561984202539
0.104409548850593
0.104646143783231
0.103314865544568
0.104820297945553
0.103748766835262
0.103879530868515
0.104346838241167
0.104996394949475
0.105051496095968
0.104182128447734
0.104284073663919
0.105456686505238
0.104039167686659
0.10487162134449
0.103951200136431
0.104313971837432
0.103643799421033
0.103934470111541
0.104934871632138
0.104767193608483
0.104229943938226
0.104004466376967
0.104745336640481
0.105374817318922
0.104160973061422
0.103638630695987
0.104111484568441
0.105395594930479
0.10414953188311
0.104249858064628
0.103873216633315
0.103207199739227
0.104138684350843
0.104783653794262
0.105191596562466
0.103907108425672
0.104713765464479
0.103584272913118
0.105452045272527
0.104211217103914
0.104842694591777
0.103629066205566
0.103632250307077
0.104034094711369
0.104880903809912
0.103853194571269
0.104739346212214
0.105013071006543
0.105270875293315
0.104921379676582
0.104242356537338
0.103734735201483
0.10310298787451
0.105214317015623
0.104087630791017
0.104296432295208
0.104186715712624
0.105303040115362
0.103547358922716
0.103417404406796
0.10408164036275
0.104477710210064
0.10325744378172
0.106002948801806
0.10306056916624
0.103530898736937
0.103795395033665
0.104307225859653
0.104377168157258
0.103759776270996
0.104785380764573
0.104421637642772
0.103873810279359
0.105366182467366
0.10344417244662
0.103936305017496
0.10478991406164
0.103477254721645
0.104483214927931
0.105215126532956
0.103640831190811
0.104015745651813
0.104417374184816
0.10350283546938
0.104182344319023
0.10322349802154
0.10489612273578
0.103309684633634
0.104955487340228
0.104140627192443
0.104054440580348
0.104812904353908
0.104325952693966
0.103298297423144
0.103859616742114
0.105083660918014
0.1039911902927
0.104645064426786
0.105770347488014
0.103593123635963
0.103947476356697
0.105241085055447
0.103698576760592
0.104351155666945
0.104135284378042
0.105330563704697
0.103457340595243
0.104501671923133
0.104386828397436
0.105146263591796
0.105012963070899
0.103988006191189
0.104493954524554
0.103925187646118
0.104003872730923
0.104045427954037
0.103337208222969
0.104026809055369
0.104104468751552
0.105141568391262
0.104315644839921
0.104413002791216
0.104088386340528
0.102868443719117
0.10355933977925
0.104347701726323
0.103843210524157
0.103734465362372
0.103958161985498
0.104374361830502
0.104530868514957
0.103925781292162
0.102629485469045
0.104068688085416
0.103752166808062
0.103803975917399
0.104672965790877
0.103845477172691
0.103342766908658
0.104371285664635
0.104557474651314
0.104924887585026
0.104185204613601
0.104257899270139
0.103267373861009
0.104974430045829
0.103896962475094
0.104419910672461
0.105115372077108
0.10482191698022
0.103741157372328
0.103689024456058
0.104380406226591
0.104637023221275
0.103899714834027
0.104830713735242
0.104587102985716
0.104683489516211
0.104558014329536
0.103876346767004
0.104590395022872
0.104511494066778
0.10331637664359
0.104169499977334
0.104296594198675
0.104696603697012
0.103738081206461
0.104266696025162
0.103509581447158
0.104117798803641
0.104534700230335
0.103955247723098
0.103838515323623
0.104691045011322
0.104127513011642
0.103825131303711
0.103808940957044
0.104651162790698
0.104514084522244
0.104164642873333
0.10321891075665
0.104985331545919
0.103203152152561
0.104367022206679
0.104979718892408
0.103898365638472
0.10466697536261
0.103249348608386
0.103461010407155
0.104591906121894
0.103993942651633
0.104116449608086
0.104337663711389
0.104806913925641
0.103991244260522
0.104843288237821
0.104758180982171
0.104036199456436
0.104323038431566
0.103925457485229
0.104730549457192
0.104625959817718
0.103504940214447
0.103715954399349
0.104924401874626
0.104539449398691
0.103904679873672
0.10457096660687
0.104779552239773
0.103921625769851
0.104192004559202
0.103652326336945
0.10439200930837
0.105101470299349
0.104496167205266
0.104802812371152
0.103768465090375
0.104420882093261
0.104090706956884
0.104849548505199
0.104005599701234
0.103942781156163
0.104312892480987
0.10428580063423
0.103735490750995
0.10439249501877
0.104446408873173
0.105187171201043
0.103992971230833
0.105177996671265
0.10423901053236
0.104953166723873
0.103307687824212
0.103363976262793
0.104862284911245
0.10395773024292
0.104197347373602
0.105716055858855
0.103996641042745
0.104721698734347
0.104856078611689
0.103889029205227
0.103809912377844
0.103570457150629
0.104131776469598
0.104381863357792
0.104482405410598
0.103431867783153
0.103621780549565
0.104443278739484
0.104968655488851
0.10397688881981
0.103767277798286
0.104345327142145
0.104462221445086
0.103924809871362
0.104276734040096
0.105404715492435
0.10513228592584
0.104807021861285
0.104265076990495
0.103259170752031
0.104312352802765
0.104716355919946
0.105529866872176
0.105235202562824
0.104849980247777
0.104862716653822
0.104087414919728
0.104549757252736
0.104484024445265
0.104349590600101
0.103958863567187
0.104090491085595
0.10456562379247
0.10463011534003
0.104366428560635
0.103054146995395
0.103709208421571
0.103533651095871
0.104482567314065
0.104222064636181
0.104717543212035
0.104174842791734
0.104704752838168
0.104619807485985
0.103706563998282
0.10326035804412
0.103651085077034
0.104294165646675
0.104514354361356
0.103233590004296
0.104746415996926
0.103983257022833
0.105770941134058
0.103774833293397
0.104408577429793
0.104864443624134
0.103920438477762
0.104823751886175
0.103670783332146
0.103835007415179
0.103462035795777
0.104883710136668
0.10378800144202
0.104424821744283
0.10393760024523
0.103331487633813
0.104360438132368
0.104293356129341
0.104740047793903
0.104795472747329
0.104573503094515
0.104524068569356
0.103528847959693
0.104254121522583
0.105283072021138
0.10474020969737
0.104458875440108
0.104200261636002
0.104870973730623
0.105190193399088
0.104411815499127
0.105174272891531
