"V1"
0.113747601130302
0.116334194737876
0.115029660715095
0.114695114185118
0.113851759027198
0.115107320411278
0.114636667033648
0.117311366270975
0.113242894056848
0.113503234831264
0.115661947720291
0.116070538102362
0.114404119687677
0.114634616256403
0.113851866962842
0.114237467052645
0.11543107337681
0.114705691878274
0.114840773337305
0.114602181595246
0.115875444425016
0.113953056629515
0.114013500590408
0.11502831151954
0.114235686114511
0.113615757740605
0.114369040603231
0.114185819846775
0.113645817817584
0.115326699608625
0.114981575385492
0.115704312460738
0.11465005105356
0.115850997001548
0.11496916278638
0.114929766276156
0.115080336500165
0.113898549129067
0.113923536230758
0.114791554683436
0.115399340297341
0.114522848896574
0.116558299279638
0.113871295378843
0.115110180705856
0.115745705780385
0.114425329041812
0.114521607636663
0.115484231681702
0.116118569464143
0.115721905970784
0.114030176647476
0.113902434812268
0.114476490537282
0.115501609320459
0.11539178480223
0.115114660035101
0.114931709117756
0.114732783725032
0.116712701219025
0.1159730182476
0.114882220624775
0.114068331897789
0.115094819266964
0.114937267803445
0.114457979574259
0.114074322326056
0.114534937688752
0.116642057339732
0.114995768922738
0.115037701920607
0.114361215269008
0.113605287983093
0.113660658968697
0.11594851685631
0.115338140786937
0.113750623328347
0.11569708077256
0.115176453191549
0.113910476017779
0.113708636362655
0.114469852495148
0.114799649856769
0.11482803693126
0.115829733679591
0.113868758891199
0.114083658759301
0.114524306027774
0.114226724781852
0.114806989480592
0.113616729161405
0.114046259058499
0.114921994909755
0.114110210927836
0.114876068293041
0.115534637627661
0.115414613191031
0.114561435889465
0.114428405207679
0.114174594539752
0.114827713124327
0.115488333236191
0.115421736943565
0.114969378657669
0.113560224851535
0.114592629290712
0.113480352474641
0.114017332305786
0.113708636362655
0.114017386273608
0.115139539201147
0.114850757384417
0.11455209945622
0.116097845820408
0.11473564401961
0.113402099132413
0.114122515591304
0.115142399495725
0.114284365090159
0.116011983015247
0.114476490537282
0.114660898585827
0.117565932488413
0.114384799207321
0.115744788327408
0.115604094214865
0.114809472000414
0.114059751014055
0.114735482116143
0.11522642739493
0.114908233115087
0.115777438859854
0.113568050185757
0.115023562351184
0.115326969447736
0.11530725587601
0.114147232853883
0.114215124374243
0.114577086557911
0.113446568617927
0.116283926871442
0.115427781339654
0.114566562832577
0.115548939100551
0.114294187233804
0.115022644898206
0.114026236996453
0.113605989564782
0.114894633223887
0.115486012619836
0.114208324428643
0.114225594131755
0.114520420344574
0.114936458286111
0.113821429111107
0.113213103818979
0.11476958977979
0.114468773138704
0.115086650735366
0.114172759633796
0.114967813590825
0.114830789290194
0.115313639395647
0.115459838226056
0.114806503770192
0.11570992511425
0.114732837692854
0.114165473977795
0.113993208689251
0.114923883783533
0.11413212186366
0.114778764309568
0.115583424538953
0.113995043595207
0.114966410427447
0.114361593043764
0.113785594477149
0.11501158149465
0.114893769738731
0.115513913983926
0.115383149950673
0.113952894726049
0.113188656395511
0.11563766220029
0.113531567937933
0.114116147388281
0.116271406336686
0.11477833256699
0.116276911054553
0.114088461895479
0.115828762258791
0.113934275827381
0.115263503288799
0.114635155934626
0.113246725772226
0.115493298275836
0.11524072886782
0.113271658906094
0.11375677566008
0.115804044996211
0.115772365884565
0.115656874745002
0.114778062727879
0.113740207538657
0.114513080720751
0.114545083639331
0.114463862066881
0.115014711628339
0.115185034075283
0.114338602751495
0.116411398867539
0.114062719244278
0.113235338561736
0.113394975379879
0.11580836242199
0.114158458160906
0.114895010998642
0.114207083168731
0.115406733888986
0.114941531261401
0.113952624886937
0.115169329439015
0.115008775167894
0.113787483350927
0.112845852788733
0.11490175697642
0.114401637167855
0.117263173005727
0.113277109656139
0.114787453128946
0.115603932311399
0.11636849444887
0.113489580972241
0.116754688184717
0.115669071472825
0.114033144877698
0.114265098577624
0.115409162440986
0.113556476773434
0.115188056273328
0.113835622648352
0.115905720373285
0.1151020315647
0.116500823548967
0.11571818219105
0.115025613128428
0.114258838310246
0.114536071013019
0.113953218532982
0.113962770837516
0.113713925209233
0.11501449575705
0.11611608694432
0.114417071965012
0.113631138569939
0.114270009649447
0.115931894767064
0.114740953503534
0.114555067686443
0.115430641634232
0.114671584214628
0.116113820295787
0.114756529566811
0.115375486519917
0.114681136519162
0.115395778421074
0.114280101632203
0.114884325369841
0.114167632690685
0.11626957143073
0.114241838446245
0.113926936203558
0.114217121183665
0.113966062874672
0.115630808286867
0.114150632826683
0.114139731326594
0.115708036240472
0.113409384788414
0.114037624206943
0.113668646206386
0.11416218194064
0.114428567111146
0.113969786654405
0.115556656499129
0.114906775983887
0.115724928168829
0.11501012436345
0.1152824459944
0.114172543762507
0.11373178855839
0.115099225237944
0.114659711293738
0.114932410699445
0.115225240102841
0.115495888731303
0.114174594539752
0.114163207329262
0.115468688948901
0.114595381649645
0.114672447699783
0.115339274111204
0.116862731764813
0.115633722549267
0.114830681354549
0.114167794594151
0.114817297334637
0.113833409967641
0.114059265303655
0.113973996144539
0.114117010873437
0.114321818758783
0.115036352725051
0.116067300033028
0.113622935460961
0.113107812597817
0.114409462502078
0.113927044139202
0.115206081525951
0.115310671165424
0.114348262991674
0.113533456811711
0.114640228909915
0.116259695319263
0.113322874369386
0.113739829763902
0.115107752153856
0.114878982555441
0.114844605052683
0.114171086631307
0.11575115653043
0.114823503634193
0.115290163392979
0.115230421013775
0.113757693113058
0.115400149814675
0.115416556032631
0.113825098923018
0.116629806644087
0.115259347766488
0.114440224160746
0.114638124164848
0.114332828194517
0.113705668132433
0.112831389412377
0.114911902926999
0.11363383696105
0.116095525204052
0.114090026962324
0.114758742247522
0.114354199452119
0.115142453463547
0.114545083639331
0.115943983559243
0.11474292967561
0.115414235416275
0.113638478193762
0.115206891043284
0.114105191920369
0.113873939802132
0.116054617594805
0.11421140059451
0.114984651551359
0.115908202893107
0.115416340161342
0.11427810482278
0.116122724986454
0.114678546063695
0.116187486373125
0.114622959206803
0.113523634668066
0.114416154512034
0.113990456330318
0.113803511794128
0.115326267866048
0.113719753734034
0.113979500862406
0.115104622020167
0.1152809888632
0.113897361836978
0.113951815369604
0.114101737979747
0.113886946047289
0.113587532569581
0.114044801927299
0.113744740835724
0.114464347777281
0.115461511228545
0.114681460326095
0.113952894726049
0.116606330641418
0.114524791738174
0.115246017714398
0.115014603692694
0.115171218312793
0.114833757520416
0.115392540351741
0.114029205226676
0.115280179345867
0.11525891602391
0.115516990149793
0.115007911682738
0.114542978894264
0.113910799824713
0.11538574040614
0.115291134813779
0.115388762604185
0.114390735667765
0.116142531177211
0.115393080029963
0.116231793955172
0.114003192736363
0.115186761045594
0.113443222612949
0.114577140525733
0.115116387005412
0.115935834418087
0.113678900092609
0.114250959008201
0.114890423733753
0.113842422593953
0.115712677473183
0.113650459050296
0.113979500862406
0.114466290618881
0.115681106297181
0.113971729496005
0.114016846595386
0.114793281653747
0.113482457219707
0.115515479050771
0.11366778272123
0.113800435628261
0.115064038217853
0.113845552727642
0.115487793557969
0.114218848153977
0.114222410030244
0.114732459918098
0.115040076504785
0.11360593559696
0.113660443097408
0.115817536951768
0.115271382590844
0.114951839115446
0.114296130075404
0.113946904297781
0.11382515289084
0.114335634521273
0.115490761788191
0.113791369034127
0.114931277375178
0.114262022411757
0.116663212726044
0.114455011344036
0.114225648099577
0.114301526857626
0.114340329721807
0.114259162117179
0.115897517264306
0.114580486530711
0.11655932466826
0.115552986687218
0.114869322315263
0.114189057916108
0.114059049432366
0.114647082823337
0.115082549180876
0.114801106987969
0.115823311508746
0.114920969521133
0.115236033667286
0.114749189942988
0.114110102992192
0.112660419351566
0.115132955126835
0.115025289321495
0.114364345402697
0.115121244109412
0.115430695602054
0.114961013645224
0.11450601093604
0.114303901441804
0.115522602803305
0.113997094372451
0.114790799133924
0.114968299301225
0.113386556399612
0.114894579256064
0.114624470305825
0.11535881046285
0.113173383501821
0.114890639605042
0.11687115074508
0.114190029336908
0.114624254434536
0.114944769330734
0.115249795461954
0.114344706463988
0.115592167326153
0.11368208419412
0.113706045907188
0.113830873479996
0.115100898240433
0.114556254978532
0.11546307629539
0.114128775858682
0.115308080709957
0.115200576808084
0.115134358290213
0.113948253493337
0.114354793098163
0.116082924238695
0.113536802816689
0.115113958453412
0.114781647086253
0.114938293192067
0.114732567853743
0.113788076996971
0.114339466236651
0.113706045907188
0.114699701450007
0.115585961026598
0.11571429650785
0.115328912289337
0.11692911218615
0.113998011825429
0.114928039305844
0.114350259801096
0.114881734914375
0.114984327744426
0.114511461686084
0.114463268420837
0.113125244204396
0.114614000548313
0.1152805031528
0.114944445523801
0.114834405134283
0.113434156018815
0.11602806542627
0.113913390280179
0.113251151133648
0.113570316834291
0.114105893502058
0.114150686794506
0.113676363604964
0.115024911546739
0.115647592279579
0.114409786309011
0.114359110523941
0.115116764780167
0.113337931391787
0.115064038217853
0.116009068752847
0.115074939717943
0.114263209703846
0.114518369567329
0.114902188718998
0.114514052141551
0.114164718428284
0.113916412478224
0.115465774686501
0.11518422455795
0.116504223521767
0.113918409287646
0.11483240832486
0.115261722350666
0.114061424016544
0.11499026420487
0.114324247310783
0.115434527317432
0.114111937898148
0.114580972241111
0.114991289593493
0.114456144668303
0.114840773337305
0.113900276099379
0.113737563115368
0.11370269990221
0.114625657597914
0.113886622240355
0.115522602803305
0.114142699556816
0.114667050917561
0.115040993957763
0.114955293056068
0.114196991185975
0.113910637921246
0.11561197351691
0.113786242091016
0.114148797920728
0.113656341542918
0.115827844805813
0.116461750845676
0.113970218396983
0.114282260345092
0.113827041764618
0.116173076964591
0.115350985128627
0.115132199577324
0.115501231545703
0.115247636749065
0.114259324020646
0.114454417697992
0.113860717685687
0.1157926038179
0.114517236243062
0.114591711837734
0.113954351857249
0.113666217654386
0.114786643611613
0.114085169858324
0.114908341050732
0.114783837284857
0.115285414224623
0.114040754340632
0.115741496290252
0.115942904202798
0.114609413283424
0.114182096067041
0.114095207873258
0.113738264697057
0.115163716785504
0.113698274540788
0.115000086348516
0.115760385028031
0.115866755605638
0.115442946297699
0.115829086065724
0.113708636362655
0.115798162503589
0.112887030237091
0.114206003812287
0.11564931924989
0.115251252593154
0.115297125242046
0.115699185517627
0.113409384788414
0.114738828121121
0.115162313622126
0.115001597447538
0.116073182525651
0.116478750709677
0.114935810672245
0.113137117125285
0.115137218584791
0.114745142356321
0.114177994512552
0.114731326593832
0.116360669114647
0.116166169083346
0.114311942647316
0.115374191292184
0.116166924632857
0.114119385457615
0.115865082603149
0.114129369504727
0.115096257007722
0.116097629949119
0.114222787804999
0.113631840151628
0.115012283076339
0.115145745500703
0.11609449981543
0.115346505799382
0.11501158149465
0.114408383145633
0.113335394904142
0.115068463579275
0.113974859629694
0.11520386884524
0.116442646236608
0.115189621340172
0.115622173435311
0.115319252049158
0.11434453921194
0.114777792888768
0.114505687129106
0.11569708077256
0.11534450898996
0.115604148182688
0.114592683258534
0.115566640546241
0.114824205215882
0.11521018308044
0.114489388846794
0.114152629636106
0.114668885823517
0.113693309501143
0.114088299992013
0.114526302837196
0.114397265774255
0.114851944676506
0.115081469824432
0.11594392959142
0.115799781538256
0.114799002242903
0.113697411055632
0.114911633087888
0.114503690319684
0.115093342745322
0.114060128788811
0.114145020173172
0.116219651195171
0.1161471184421
0.117048596944558
0.114712168016942
0.116289971267531
0.11499026420487
0.114905102981398
0.115062689022297
0.114732136111165
0.113930659983292
0.115300525214846
0.117239804938703
0.112943588514784
0.113867787470399
0.113792934100972
0.114600076850179
0.116386843508427
0.115828816226613
0.113204900710001
0.113463622449751
0.113543710697933
0.115299283954935
0.115162097750837
0.114545029671509
0.114476004826882
0.114124026690326
0.114225216356999
0.114304225248738
0.115224160746397
0.115151466089859
0.114146963014772
0.114857665265662
0.113439714704505
0.115570202422508
0.114392030895499
0.115792333978788
0.113702160223988
0.115258420441347
0.113844041628619
0.115057885886119
0.115331556712626
0.115748644745108
0.114574442134622
0.116517607541679
0.114488849168572
0.113979500862406
0.115721258356917
0.113036413169012
0.114136277385971
0.114049497127832
0.114592953097645
0.115651747801891
0.114584372213911
0.115227668654841
0.115381422980362
0.114367907278964
0.114113664868459
0.117317572570531
0.114105191920369
0.115001597447538
0.115718290126695
0.115120650463368
0.115355302554405
0.113995043595207
0.114853401807706
0.116682910981157
0.114888534859975
0.113296699975607
0.114377189744387
0.114090998383124
0.114713301341208
0.115097066525055
0.113868273180799
0.114439792418169
0.114224352871844
0.114398722905455
0.113804645118395
0.114675469897828
0.114096449133169
0.1142427019314
0.114919836196866
0.114516912436129
0.115865460377904
0.112690803235479
0.11400966887503
0.115323839314047
0.114144264623661
0.114712761662986
0.115280341249333
0.115440895520455
0.114841259047705
0.115021511573939
0.114664082687339
0.11621938135606
0.114730139301743
0.114276485788114
0.115211316404707
0.113881441329422
0.116381662597493
0.113247265450448
0.11368596987732
0.115097012557233
0.113802864180261
0.11347938105384
0.114176321510063
0.113954405825071
0.115069920710476
0.114197314992909
0.11450649664644
0.114735590051788
0.114425383009634
0.114987511845937
0.114221222738155
0.115670744475314
0.114139677358772
0.113659957387008
0.114134172640905
0.113250557487604
0.114141944007305
0.113862444655998
0.113767029546303
0.114988861041493
0.114085439697435
0.11428803490207
0.114279076243581
0.114906128370021
0.116276911054553
0.115203652973951
0.114048201900099
0.115786991164388
0.114938509063356
0.114396834031677
0.113915333121779
0.115506196585348
0.113909612532624
0.115622821049178
0.115700372809716
0.113722506092967
0.114316961654783
0.114462944613903
0.115829841615235
0.114124242561615
0.115707280690961
0.114651454216938
0.117687791830999
0.115412076703386
0.115067708029764
0.113940644030403
0.115386388020007
0.114064985892811
0.113244621027159
0.114925125043444
0.115997519638891
0.115460809646856
0.113769188259192
0.11386611446791
0.116261152450463
0.114785132512591
0.114807960901392
0.114101845915391
0.113467508132951
0.115903237853462
0.114928201209311
0.115014279885761
0.115838422498969
0.114022381405752
0.114765973935701
0.114428836950257
0.115320925051647
0.113422229130103
0.113832546482485
0.113554072519801
0.11529723317769
0.114419662420478
0.114931385310822
0.115683103106604
0.114753615304411
0.115816781402257
0.113455905051172
0.115011851333761
0.114098068167836
0.113231237007247
0.115169329439015
0.114638070197026
0.114142699556816
0.113925748911469
0.113788562707371
0.116287812554642
0.11537699761894
0.113623852913939
0.11519733873875
0.114599537171957
0.115433933671388
0.115493352243658
0.116927870926239
0.114036328979209
0.11670433620658
0.1144085450491
0.114597972105112
0.115975716638711
0.114329428221717
0.115032413074029
0.114613514837913
0.114925340914733
0.115246719296087
0.115765080228565
0.115166415176615
0.115639389170601
0.114917731451799
0.116741304164805
0.114519340988129
0.114031094100454
0.114944391555979
0.116885398250147
0.116238378029484
0.113903244329601
0.115830327325635
0.114972023080958
0.11428900632287
0.1151098029311
0.115240944739109
0.114502772866706
0.1157989180531
0.116560727831638
0.114076211199834
0.114324733021183
0.115519202830504
0.115722391681184
0.114244428901712
0.114816056074726
0.114957397801135
0.113801784823817
0.114995013373226
0.113939294834848
0.115964545299511
0.114247882842334
0.115192697506039
0.1147552883069
0.11658188321795
0.1144114593115
0.113474092207262
0.114909798181932
0.114128020309171
0.114963550132869
0.116883455408547
0.114508385520217
0.114905912498732
0.115282338058756
0.114771694524856
0.114065039860633
0.11419467056962
0.114237089277889
0.113898549129067
0.115181202359905
0.114681460326095
0.114667158853205
0.114661762070983
0.113826232247285
0.114102493529258
0.113997688018496
0.114675092123073
0.114156839126239
0.114680003194895
0.114658524001649
0.114391653120743
0.113800003885683
0.115614725875844
0.114530674230797
0.113434641729215
0.113740369442124
0.115055781141052
0.116366335735981
0.115422222653965
0.114377567519142
0.114722637774453
0.115062149344075
0.114449560593991
0.114153978831661
0.113628602082294
0.114651454216938
0.11397086601085
0.114857503362195
0.115279369828533
0.115030794039362
0.113791369034127
0.114925556786022
0.113967897780627
0.114060560531389
0.1147552883069
0.115941608975065
0.115782997545543
0.115441111391744
0.115029660715095
0.115679972972915
0.114828738512949
0.113199773766889
0.115184008686661
