"V1"
0.0958267762429329
0.0961757321814441
0.0962249508353139
0.0966073128557829
0.0957818210470189
0.096205566277649
0.0954206144128625
0.0958063764061316
0.0960203588212564
0.0955585561664713
0.0951600037993347
0.0960761075816155
0.0955116581289572
0.0953773861872597
0.0959171723451609
0.0953014534613882
0.0963259785985204
0.0952291365796058
0.0962039033846459
0.0960457236977025
0.0955760957086946
0.096015717588545
0.0955810067805172
0.0959897050982322
0.0964068223962145
0.0965395292710674
0.0966899915594326
0.0969748876929619
0.0964822154438637
0.0958624489734241
0.096759448146637
0.0957917511263084
0.0954910963886892
0.0975008041205512
0.0960265111529901
0.0968269079244191
0.0945714307301415
0.0959608862811637
0.0955675148249608
0.095454452237398
0.096836190389842
0.0949853639266124
0.096067364794415
0.0957605037572398
0.0959178739268499
0.0967748829437936
0.0963469720813662
0.0954765250766883
0.0958348174484445
0.0951892003911588
0.0960963455149502
0.0962418967314928
0.0965264150902666
0.0955392356861145
0.0943906924935077
0.095976968692187
0.0956076129168744
0.0972951327500491
0.0954766330123327
0.0958893789167147
0.0962313730061588
0.0965397991101785
0.0961255960745965
0.0949478023223433
0.0969605563687076
0.0965893415709817
0.0956889628641374
0.0966132493162277
0.0960762694850822
0.09678788918895
0.0969197865464695
0.0966272809500064
0.0965921478977375
0.0960053557666777
0.0955989240974961
0.0960701171533485
0.0951924384604923
0.0956904535239909
0.0961045486239285
0.0948569744775375
0.0952561204907186
0.095583111525584
0.0949385738247427
0.0961622941937099
0.0952268699310723
0.0951683624893944
0.0979193245819113
0.0952147271710715
0.097130584860083
0.0966356999302736
0.0973085167699611
0.0957758306187519
0.0966666234924089
0.0956249365878089
0.0965529132909794
0.095983660702143
0.0972882248688042
0.095221527116672
0.0967987367212173
0.095310735926811
0.0953079296000553
0.0963672639825231
0.0952944916123211
0.0964759551764856
0.0954516998784645
0.0961752464710441
0.0961428118098865
0.096295756618074
0.0963837781361241
0.0966198873583615
0.095614682701586
0.0960359015540574
0.0944878345735139
0.0958524109584901
0.0970689536071013
0.0962862582813623
0.0956174350605195
0.0971080802782149
0.09597292110552
0.0966172969028946
0.0952742536789864
0.0960140985538782
0.0950493072376289
0.0962407634072261
0.0957056724498585
0.0961037930744173
0.0963441117867882
0.0961780527977998
0.0946314429484564
0.0970732710328794
0.0966539950220081
0.0957526244551948
0.0954015098037946
0.0970630711144787
0.0966345666060068
0.0961573291540652
0.0948339841852694
0.0958045954679982
0.0944777965585799
0.0962524204568268
0.0961422721316642
0.095586943240962
0.0953971923780165
0.0959876003531654
0.0952994026841436
0.0953359928676126
0.096366292561723
0.0959764290139647
0.0963625148141672
0.0968940978630901
0.0964291111067937
0.0960971010644613
0.0970016557327859
0.0975309721331753
0.0952999963301881
0.0959819337318317
0.0962911693531849
0.094741591273619
0.0963735242499012
0.095739995984794
0.0946114208864107
0.096566459214358
0.0961173929656182
0.0962867979595846
0.0964625711565736
0.0966767154751651
0.0956295778205203
0.09517371162618
0.096107300982862
0.0956100954366968
0.0962823659702343
0.0957092882939476
0.0961319103097969
0.097632053864204
0.096608068405294
0.0948987995397624
0.0959350356943176
0.095096699543864
0.0967958391081521
0.0963303499921207
0.096897174028957
0.0964317015622605
0.0956455522958991
0.0952675616690305
0.0946564840179691
0.0965110342609323
0.0951621625122237
0.0960140985538782
0.0960468570219692
0.0970279380622098
0.0958108017675541
0.0956375110903875
0.0965980303903601
0.0955356738098476
0.0969103640186694
0.0967944732632615
0.0952400381677741
0.096381349584124
0.0973346911637405
0.0960634251433925
0.0954919059060226
0.096765168735793
0.0955702671838943
0.0952301619682281
0.0961380626415306
0.0957952590347531
0.0963843178143464
0.0947897305710443
0.0951905495867144
0.0967559402381924
0.0961204151636628
0.095736649979816
0.0971873590090644
0.0951751687573801
0.0949956178128353
0.0969098024993578
0.0966332713782734
0.0963387150045657
0.096173303629444
0.0965724496426251
0.0964370983444831
0.0955917463771401
0.0957149549152813
0.0961980748598456
0.0963228484648313
0.0960019018260552
0.0954215318658403
0.0955143565200685
0.0969391070268263
0.0960004446948551
0.0948924313367398
0.0965890177640484
0.0967319785251242
0.095686891647724
0.0969021390686017
0.095800008203109
0.0952568760402298
0.0957011931206138
0.0949077581982519
0.0952648632779192
0.0969931288168742
0.0955635751739383
0.0959621275410749
0.0952020987006707
0.096157275186243
0.0959687655832087
0.0956445269072768
0.0952180192082273
0.0963288928609206
0.0970319856488767
0.0967848669909053
0.0964902566493754
0.0960804250073936
0.0957901320916417
0.0961225199087296
0.0957028121552805
0.0963729306038568
0.0958498744708455
0.0968093683821958
0.0956653045188337
0.0964186953171041
0.0958494966960899
0.0963306198312318
0.0963632703636784
0.096187173359756
0.0957103136825699
0.0969624211260278
0.0957434499254165
0.0960962375793057
0.0945396436828505
0.0949054915497184
0.0956664918109227
0.0967518386837032
0.096362946556745
0.0961519863396648
0.0965897733135595
0.094847530108648
0.0953751735065484
0.0950663156599509
0.0961667735229547
0.0960316380961016
0.0960128033261448
0.0962996962690965
0.0962928963234961
0.0960470189254359
0.0947938860933557
0.095032855610171
0.095553699062471
0.0961278087553077
0.0972498537472018
0.0963621910072339
0.0952169398517828
0.0959374642463178
0.0965691036376471
0.095353532409836
0.09624983000136
0.0955554260327822
0.0962134556891799
0.0958213254928881
0.0958823091320031
0.0954335127223744
0.0954179699895734
0.0945849226856979
0.0955106867081571
0.0960900312797498
0.0974418712586807
0.0964882058721308
0.096769486161571
0.0969946938837188
0.0962742774248282
0.0962740615535393
0.096277083751584
0.0956815488333236
0.0960210604029453
0.0957935320644419
0.0947722449966432
0.0973283229607179
0.0953822972590822
0.0956498157538549
0.0964665108075961
0.0953155930308113
0.0955505149609597
0.0968829804917116
0.0961845289364669
0.0970461791861221
0.097244402997157
0.0965375324616451
0.0956001653574073
0.096002472174542
0.0959260770358282
0.0961648846491768
0.096330188088654
0.0960554918735253
0.0962006653153124
0.0956682187812339
0.0961477768495312
0.0962249416041691
0.0963588989700781
0.095365729137659
0.0961789162829555
0.0960203048534342
0.0965860495338259
0.0948510919849149
0.0962599219841162
0.0954392872793526
0.0947120169070393
0.095651272885055
0.0954254175490406
0.0976522917975386
0.0965581481697353
0.0973307515127181
0.0966326777322289
0.0943557753125277
0.0961346626687304
0.0958036240471981
0.0964947359786201
0.0953432245557908
0.0963858828811909
0.0960308825465904
0.0960014700834774
0.0956515427241661
0.0961641830674878
0.0951738735296467
0.0958152271289766
0.0958129065126209
0.0967209151215679
0.0966294396628954
0.095852141119379
0.0952379873024508
0.0960983962921947
0.0969066183978465
0.0960750821929933
0.0967224262205902
0.0954368047595302
0.0959388134418734
0.0957643354726178
0.0962392523082038
0.095858833129335
0.0965624655955133
0.0966716964676981
0.0957109612964366
0.0957723766781294
0.094736086555752
0.095803839918487
0.0962772456550506
0.0958258048221328
0.0959990954992995
0.0958412935871116
0.0968387268774866
0.095953060946941
0.0964619235427069
0.0962741155213615
0.0959826892813429
0.0952008034729373
0.0956482506870104
0.0961163136091737
0.0968477395037983
0.0971942129224871
0.096175948052733
0.0958491728891566
0.0957754528439963
0.0964630568669736
0.0952693440237642
0.0951012868087532
0.0951133216331095
0.0947022487312165
0.0960227334054343
0.0960655298884593
0.0958506839881789
0.0956358920557207
0.0947443976003748
0.0962898741254514
0.0962413570532706
0.0957396721778607
0.0969101802741134
0.0960503109625917
0.0962511791969156
0.0956330496656002
0.0959579180509413
0.0957727004850628
0.0949496911961212
0.0948172001925572
0.0954152715984621
0.0962678552539834
0.0958292047949331
0.0971990160586652
0.0967072072947226
0.0954990836263786
0.0964576600847511
0.0964591711837734
0.0957367579154605
0.0955434451762481
0.0969801765395401
0.0972285364574226
0.0953965987319721
0.0969956113366966
0.0943646800031949
0.0971457498181284
0.095213647814627
0.0955854321419397
0.0961755702779775
0.0954912043243337
0.0957198659871038
0.0971311245383053
0.0958714076319135
0.0965320817116003
0.09543340478673
0.0968758027713556
0.0951877432599587
0.0950129414837697
0.0953834845511712
0.0968504378949095
0.0965592275261798
0.0967957145231727
0.0964908502954199
0.0970870328275469
0.09546099244848
0.0973199039804507
0.095582625815184
0.0963259785985204
0.096438501507861
0.0963733623464346
0.0963033121131856
0.0959245659368058
0.0960282920911236
0.0964375300870609
0.0975600068215327
0.0963951113787915
0.0956860821303906
0.0958418332653339
0.0964101684011925
0.0971055437905703
0.0953500549541905
0.0951094899177315
0.0966322459896511
0.0945663577548522
0.0946445302211917
0.096782870181483
0.0957442594427498
0.0950568712910614
0.0954870488020223
0.0947212993724622
0.0949206025399416
0.0959260230680059
0.0969680877473615
0.0961184723220627
0.0962375253378925
0.0969305261430924
0.0959487974889852
0.0962665060584277
0.0949971828796798
0.0957748591979518
0.0956219143897643
0.0958107477997319
0.096357441838878
0.095500378854112
0.0955439323768501
0.0950774330313294
0.0954963852352673
0.0968076414118846
0.095251425290185
0.0965651100188024
0.0958050811783982
0.0968457426943759
0.0955828416864729
0.0952451650228068
0.0956359460235429
0.0965376943651117
0.0963370959698989
0.0952609775947189
0.0952775996839644
0.0957281230639044
0.0954455475467307
0.0958819313572476
0.0968318729640639
0.095593635250918
0.0960024415042775
0.0962855027318512
0.0961551704411761
0.0958865186221367
0.0975329689425977
0.0943904226543965
0.0958884614637369
0.0954076081677061
0.0957906178020417
0.0958816075503142
0.0958480935327121
0.0951239532940879
0.095984632122943
0.0960143144251671
0.0963601402299893
0.0961924082385119
0.0970573505253228
0.095610850986208
0.0958859249760923
0.0951652386780906
0.0970095350348308
0.0951834798020029
0.0960567871012587
0.0962475633528265
0.0962651568628721
0.0955913146345623
0.0978239634400385
0.0965787638778255
0.0965410403700897
0.0955961717385626
0.094860212546871
0.0951239532940879
0.0966439570070741
0.0960461014724581
0.0940969456371333
0.0957703259008849
0.0970067287080751
0.0961302912751301
0.0970325792949212
0.0963924669555025
0.0958562966416904
0.0965968430982711
0.0959286135234728
0.096535373748756
0.0952511554510738
0.0961486276440035
0.0963797305494572
0.0953606077484036
0.0951017725191532
0.0960084319325445
0.0958870043325368
0.0970089953566086
0.0955406928173146
0.0947651752119316
0.0962300238106032
0.0963098961874972
0.0958174398096879
0.0973830463324547
0.0957927225471085
0.0962178810506024
0.0956127938278081
0.0948485554972703
0.0951293500763105
0.0960500411234805
0.0958932106320927
0.0941794624373164
0.095834439673689
0.096387825722791
0.0971615084222183
0.0963098422196749
0.096790047901839
0.0942491888636319
0.0973969160627667
0.0961423260994864
0.0969838463514514
0.0953044216916106
0.09585046811689
0.0956971995017691
0.0965093612584433
0.0963559307398557
0.0961057359160174
0.095543175337137
0.0963955970891915
0.0947806639769104
0.0950192557189701
0.0959373023428511
0.0958741060230248
0.0967143850150786
0.0949525514906992
0.0959558672736967
0.0963573878710558
0.0958967725083596
0.0945708910519192
0.0960751901286377
0.096339740393188
0.096848872828065
0.0948069463063343
0.0956050224614076
0.096469371102174
0.0953477578528578
0.0957270976752821
0.0967474672901029
0.0961798337359333
0.0967770956245048
0.095639076157232
0.0960420538857911
0.0957655227647068
0.0951318865639551
0.0946095320126328
0.0946200557379668
0.096019692671701
0.0959766988530758
0.0958086430546651
0.0963535561556777
0.0956964439522579
0.0960667171805483
0.0955245564384691
0.0960210604029453
0.0950901694373747
0.095909778753516
0.0964721774289298
0.0950088399292806
0.0954915820990892
0.0959170104416942
0.0957070216454141
0.0963282452470539
0.0962069795505128
0.0969709480419395
0.0953598466450364
0.0956525681127884
0.0962219826050915
0.095912639048094
0.0958747285295476
0.0958836043597366
0.095586943240962
0.0953896908507272
0.095660825189589
0.0962658044767388
0.0971774828975971
0.0965477323800457
0.0970426712776774
0.0947270199616181
0.0955390198148256
0.09605899978197
0.0960579743933477
0.095420020766818
0.0954957376214006
0.0958291508271108
0.0958237540448883
0.0961466974930867
0.0957073994201697
0.0958226746884438
0.0960152858459672
0.0952360984286729
0.0968435839814869
0.0960069208335222
0.0964888534859975
0.0956601236079
0.095422179479707
0.0983002294711801
0.0966620901953419
0.0955509494661614
0.0962252746422473
0.0962898741254514
0.0962706076129169
0.0948567586062486
0.0961390340623307
0.0958625029412463
0.0968140096149072
0.0957256945119042
0.0960680124082817
0.0951369055714221
0.0967164357923232
0.0955875908548287
0.0951179628658209
0.0966007287814713
0.0959245119689836
0.0946638236417918
0.0960455617942358
0.0961854463894448
0.0953037201099217
0.0953945479547275
0.0954048018409503
0.0957706497078182
0.0961266214632188
0.0955156517478019
0.0944960376824922
0.0960768091633045
0.0958092906685318
0.0949398690524761
0.0951018804547976
0.0961359039286416
0.0973958906741444
0.0958667124313799
0.0958685473373356
0.095863636265513
0.0957233738955485
0.0967894002879723
0.0960696314429485
0.0959214358031168
0.0962639156029609
0.0971193595530601
0.0957932082575085
0.0951987526956927
0.0965313801299113
0.0954176461826401
0.0953196406174782
0.0959025470653378
0.0967707813893044
0.0962661822514944
0.0962840930188378
0.0948769965395832
0.0957622846953732
0.0956220762932309
0.097843445823862
0.0953710179842371
0.0957984971040867
0.096347889534344
0.0969940462698521
0.0952780853943645
0.0961185262898849
0.0965975523403667
0.0958225127849771
0.0967358102405022
0.0967035914506335
0.0962294301645587
0.0958750774438249
0.096306981925097
0.0950297794443041
0.0970257793493208
0.0952887710231651
0.0956811170907458
0.0960560315517476
0.0959237024516502
0.0963229024326536
0.0966998137030777
0.095853814121868
0.0951375531852888
0.095438207922908
0.095761043435462
0.0971839590362642
0.0958700584363579
0.0950113764169252
0.0961832337087335
0.0958976359935152
0.0952575776219187
0.0964283555572825
0.0961608370625098
0.0944293874220435
0.0956744250807898
0.095930826204184
0.0959971526576994
0.0975367466901535
0.0967745591368602
0.0960407046902355
0.0958117731883542
0.0959327690457841
0.0960911106361943
0.0955752861913613
0.0956083684663856
0.0967411530549026
0.096029101608457
0.0960593775567256
0.0959944542665881
0.0958211635894214
0.0967234516092125
0.0961740052111329
0.0949201168295416
0.0959775623382315
0.0958411856514672
0.0952397682405842
0.0949001487353181
0.0959523593652521
0.0960231651480122
0.0957212691504817
0.0959683878084531
0.0956858662591017
0.0958962328301374
0.0967770416566826
0.0969004120982905
0.0961255421067743
0.0956043748475409
0.095950902234052
0.0960355237793018
0.0969819574776735
0.0958317952503999
0.0968028382757065
0.0959813400857873
0.0956909057938163
0.0957655227647068
0.0953328627339235
0.0966585822868973
0.0961979999870465
0.0956705393975896
0.0958955312484484
0.096086739242594
0.0941865322220279
0.0961651005204657
0.096547570476579
0.096663547326542
0.0962386586621593
0.0949453198025209
0.0958626108768908
0.0957514371631059
0.0956701076550118
0.0956772513157952
0.0955476546663817
0.0954081478459283
0.096315346937542
0.0953885575264604
0.0955498275110207
0.0956594220262111
0.0960651521137037
0.0960237587940566
0.0955437689831815
0.0957642815047956
0.0968422887537535
0.0955205628196244
0.0961996938945123
0.0959978002715661
0.096807749347529
0.0956071811742966
0.0959084295579604
0.0961536053743316
0.0951370135070665
0.0949278881959421
0.0954927693911782
0.0948627490345157
0.0967468736440585
0.0956228858105643
0.0958749695081804
0.0970967470355475
0.0968188127510853
0.0961525799857093
0.0965942526428043
0.0956528379518996
0.0951374452496443
0.0970840106295023
0.0964508601391506
0.0952321048098282
0.0962273793873141
0.0955298992528695
0.0965650560509802
0.0952524506788073
0.0958553791887125
0.0964496728470617
0.0959452895805405
0.0957131739771479
0.0956226159714532
0.0963477276308774
0.0952281111909835
0.0962718488728281
0.0959963971081882
0.0944497872588448
0.096576497229292
0.0961686623967326
0.0955708608299388
0.0954725854256658
0.096132665859308
0.0973471577306747
0.0957463641878167
0.0967711051962378
0.0953509959221914
0.0958050811783982
0.0959478800360073
0.0959800448580538
0.095701732798836
0.0957946653887086
0.0956865678407906
0.095796662198131
0.0963593846804781
0.0966213444895615
0.0955057216685124
0.0948606442894489
0.0964392570573721
0.0961308849211746
0.0958779377384028
0.0969423450961599
0.0965279261892889
0.0964874503226196
0.0954101986231729
0.0975513719699766
0.0957566180740395
0.0954498649725088
0.0960109144523669
0.0952217969557831
0.0959176580555609
0.0954513221037089
0.0968080191866402
0.0960434030813468
0.0954323254302854
0.0954184017321512
0.0957919669975974
0.0969746178538508
0.0952642156640525
0.0975559592348658
0.0960822599133493
0.0948422412620699
0.0952109494235157
0.0958439380104007
0.0951367436679554
0.0966251762049396
0.0963599243587004
0.0958979598004486
0.0967673814165042
0.0965217198897329
0.096937595927804
0.0969965827574967
0.0964380701958905
0.0962417887958484
0.0955155977799797
0.0963979177055472
0.095375551281304
0.0960517141259695
0.0966270111108952
0.0976936851171857
0.0955891559216733
0.0959268865531615
0.096646331591252
0.0955671370502052
0.0955050740546457
0.0949973447831465
0.0952638918571191
0.0939708228365919
0.0966779567350763
0.0955019978887788
0.0950238969516815
0.0953225548798784
0.0957226723138596
0.0964339142429718
0.0959684417762753
0.0959920796824102
0.0953495927588135
0.0957829004034634
0.0964232286141711
0.0946963662385939
0.0971452101399062
0.096328515086165
0.096671912338987
0.0961044946561062
0.0962280270011808
0.0962513411003823
0.0964137302774594
0.0962758424916728
0.0958721092136025
0.0953619513901032
0.0957611513711065
0.0967287404557906
0.0958809599364475
0.095171552913291
0.0951080327865314
0.0954050716800615
0.0957014089919027
0.0955633053348272
0.0944981963953812
0.0964930629761311
0.0966848106484989
0.0957760464900408
0.0965163231075104
0.0959348737908509
0.0961673671689992
0.097096153389503
0.0951723624306244
0.0964127048888371
0.095422179479707
0.0963493466655441
0.0959540863355633
0.094721029533351
0.0949071105843852
0.0964467046168393
0.096483942414175
0.0954507284576644
0.0963544736086556
0.0956182445778529
0.0954464649997086
0.0958316333469332
0.0954190493460179
0.0955840289785618
0.0960402189798355
0.0960985042278392
0.0958512236664011
0.0956205112263864
0.0965334848749781
0.0951587625394235
