"V1"
0.0953722592441483
0.0963186929425199
0.0963471339848329
0.095542689626737
0.0950059256668804
0.0961819384810001
0.0958470681440898
0.0961111866660622
0.095073277509018
0.096522691310533
0.0964880979364863
0.0966045065290271
0.0954661092869987
0.0961317484063302
0.0955191596562466
0.0961796718324666
0.0960715203167264
0.0960874408242829
0.0961671512977103
0.0957630942127066
0.0965040724118651
0.0966651663612088
0.0954145700167732
0.0947693847020652
0.0962194461174469
0.0947659307614428
0.096861069555888
0.0976996755454528
0.0955386960078922
0.0955068010249569
0.095596981255896
0.0961269452701521
0.0959455054518294
0.0955944987360736
0.0971661496549297
0.096303635920119
0.0955200231414022
0.0953172660333003
0.0953660529445923
0.0948984757328291
0.0977987604670591
0.0954491094229976
0.094897504312029
0.0969679798117171
0.0959281278130727
0.0951716068811132
0.0965249579590665
0.0964750938003273
0.0957762083935075
0.0951268675564881
0.0950578966796837
0.0955379404583811
0.0962059541618905
0.097237710987201
0.0964801646666192
0.0955532673198932
0.0970448299905664
0.0970269126735875
0.0945158978410712
0.096578655942181
0.0970462871217665
0.0963841559108797
0.0957218627965262
0.0957038915117251
0.0964642441590626
0.0953814877417489
0.0970823915948355
0.0947973400339781
0.0962707695163836
0.0958072398912872
0.0961688782680215
0.0954631950245985
0.0956923423977687
0.0964580918273289
0.0967667877704597
0.0968661425311772
0.0965103866470656
0.0958730266665803
0.095525473891447
0.0951735497227133
0.096069037796904
0.0963124326751418
0.0946200557379668
0.0959319055606285
0.0955699433769609
0.095824887369155
0.0957113605257136
0.09456630378703
0.0962628362465164
0.0958531665080013
0.0946354365673011
0.0962522585533601
0.0963576577101669
0.0949003106387847
0.0960614283339701
0.0973938398968999
0.0963022867245633
0.0967870257037944
0.0958163604532434
0.0961313706315746
0.0961636433892656
0.0960738949009043
0.097538311756998
0.0965363991373783
0.0958945598276484
0.0971044644341258
0.0949761354290118
0.0956674632317227
0.0964775742111523
0.095754351425506
0.0953087391173886
0.0966584203834306
0.0956035653302075
0.096223277832825
0.0969486593313603
0.0971515783429288
0.0961223040374407
0.0963525847348777
0.0970962073573253
0.0956913709769687
0.0960265651208124
0.096904351749313
0.0969685734577615
0.0960234889549455
0.0962655346376277
0.0952823488523203
0.0969171421231805
0.0969545957918051
0.0960330952273017
0.096668080623609
0.0956403713849654
0.0964951677211979
0.0960390316877465
0.0964846979636861
0.0964498347505283
0.0957946114208864
0.0972529838808909
0.0957218627965262
0.0959632068975194
0.0970697091566125
0.0949650180576333
0.0963434641729215
0.0963191246850978
0.0968835741377561
0.0954777123687772
0.0958662267209799
0.095580952812695
0.0965321356794225
0.0957000058285248
0.0958305268793527
0.0969817416063846
0.0967156262749898
0.0962739536178949
0.0962348809146035
0.0960803170717491
0.0972079914161793
0.0970561092654116
0.0955589339412269
0.0961674211368214
0.0961536593421538
0.0966178905489391
0.0957059422889696
0.0951298897545328
0.0959405943800069
0.0958639061046242
0.095426227066374
0.0958823091320031
0.0961244087825075
0.0953668624619257
0.0952187207899162
0.09529567890441
0.0960795075544158
0.0950657759817286
0.095214133525027
0.095647441169677
0.0967529180401477
0.0959175501199165
0.0956097716297635
0.0962427602166484
0.0956879710041685
0.0966994359283221
0.0978476013461734
0.0952125684581825
0.0965910145734707
0.0960552760022364
0.0963326166406542
0.0967126040769452
0.0962569537538938
0.0968734821549999
0.0958769123497806
0.0958921852434704
0.0955859718201619
0.0962103255554908
0.0962840456006511
0.0948841742599393
0.095437722212508
0.0951809972821805
0.0960081081256112
0.0958292047949331
0.0960873328886385
0.0966243666876062
0.0966038049473382
0.0956615807391001
0.0968007874984619
0.0963625148141672
0.0966125477345388
0.09715233389244
0.0974420871299696
0.0960622918191258
0.0974281094640132
0.0964986216618204
0.0968464442760648
0.0959804766006316
0.0963769781905237
0.0960216000811676
0.0960461554402803
0.095457798242376
0.0952094383244934
0.0963172897791421
0.0951782988910692
0.0958424269113784
0.095835896804889
0.0951380388956888
0.0962551188479381
0.0953380436448572
0.096438501507861
0.0966671631706311
0.0958615315204463
0.0962325063304255
0.0961372531241972
0.0952761965205866
0.0959282897165394
0.0953153841669959
0.0961915987211785
0.0964258730374601
0.0954840266039776
0.0965216119540885
0.0958644457828464
0.0959197088328055
0.096412920760126
0.096012857293967
0.0955619021714493
0.0955505149609597
0.0954443602546418
0.0955175406215798
0.0962394142116704
0.0943156232527918
0.096252474424649
0.0955810067805172
0.0969884875841628
0.0966382903857404
0.0972253523559113
0.0962411411819817
0.0951858543861808
0.0955443086614037
0.0959606164420526
0.0963129183855418
0.0961832876765557
0.0970139064284311
0.0966720202746315
0.0960986661313059
0.0971497974047954
0.0972091620092436
0.0960552220344142
0.0963565243859001
0.0944984662344923
0.0958674140130688
0.0966376427718737
0.0950066812163915
0.0976308126042928
0.096213725528291
0.0972064636181323
0.0963644036879451
0.0962481030310488
0.096865602852955
0.0962042271915793
0.0963013153037633
0.0953418753602352
0.0968788249694002
0.0969357070540261
0.0961284024013522
0.096729549973124
0.0955968733202515
0.0953269262734787
0.0976090635719359
0.0959778861451648
0.0955717243150944
0.0967092580719672
0.0968792436047729
0.0959242421298725
0.0959875463853432
0.095338961097835
0.0953706402094815
0.0956783647318123
0.0959502546201853
0.0963431403659882
0.0969896748762518
0.0964367745375497
0.0956741552416787
0.0957711354182182
0.0952013971189818
0.0964781678571968
0.0975448958313095
0.0959600767638303
0.0961198474946945
0.0962491823874933
0.0970446141192775
0.0954909344852225
0.0966473569798743
0.096355768836389
0.0972775932078258
0.0946549729189468
0.0963966764456361
0.0970085636140308
0.094297975774924
0.0967483847430808
0.0959060549737824
0.0965288436422667
0.0960880884381496
0.0966578267373861
0.0960997994555726
0.096258680724205
0.096012857293967
0.0965558815212018
0.097180559063464
0.0962177731149579
0.0966590140294751
0.0958083192477317
0.0967887526741056
0.0953534244741915
0.0968485490211316
0.0955059915076235
0.096168770332377
0.0951384706382666
0.0957505736779503
0.095811017638843
0.0976421998147824
0.0963678036607453
0.0955007026610454
0.0962846932145178
0.0956293619492314
0.0952720949660974
0.0957186786950149
0.0964159969259928
0.0973471037628524
0.0961345007652637
0.0952524519804748
0.0970846042755467
0.0956373491869208
0.0966688361731201
0.0959799369224094
0.0973611353966311
0.0971973970239984
0.0973927605404554
0.0971466672711063
0.0971653941054186
0.0964119493393259
0.0968534061251319
0.0961258119458854
0.0963873939802132
0.0959409181869402
0.0948687934306049
0.0955258516662025
0.0960614283339701
0.0959780480486315
0.0956775552144789
0.0964121112427926
0.0951783528588914
0.0959086993970715
0.0967155723071676
0.0958262365647107
0.0956472792662103
0.096191490785534
0.0958217572354659
0.0962386046943371
0.0961265538040404
0.0966787122845874
0.0958594807432017
0.0954451158041529
0.0959073502015158
0.0951130517939983
0.0971366292561723
0.0964581457951511
0.0958985534464931
0.0963822670371018
0.095811017638843
0.095904274035649
0.0955993558400739
0.0966245285910729
0.0960481522497026
0.0959870606749432
0.09605948549237
0.0956668695856782
0.0959455594196516
0.0962509093578045
0.0968900502764232
0.0959818257961873
0.0968611774915324
0.0962682869965612
0.0968813074892226
0.0963582513562114
0.0955577466491379
0.0955324897083363
0.0961581926392208
0.0963957589926582
0.0970719218373237
0.0962290523898031
0.0965612243356021
0.0949859036048347
0.0958354381738188
0.0963737940890124
0.0952494284807626
0.0953412817141907
0.0947203819194843
0.0957298500342156
0.0970691694783902
0.0956523522414995
0.0953479197563245
0.0971574608355514
0.0958451792703119
0.0956484125904771
0.0958900804984036
0.0962179889862468
0.0971642068133296
0.0954237445465516
0.0962233857684694
0.0957925606436418
0.0954067986503727
0.0961411388073975
0.0962130239466021
0.0963424927521215
0.0948306381802914
0.0964264127156824
0.0965388276893785
0.0955875368870065
0.0958108557353763
0.0963299632769642
0.0968011652732175
0.0941850335818237
0.0966215063930282
0.0956450126176768
0.0965719099644028
0.0957589926582175
0.0957551069750172
0.0956253143625645
0.0960402729476577
0.0960935931560167
0.0952405237900954
0.0949329611712313
0.0957269897396376
0.0968470918899315
0.0954860773812222
0.0966194189513317
0.0948082415340677
0.0956241270704755
0.096053009353703
0.0976383141315822
0.095951873654852
0.0953687691072076
0.0954527252670868
0.0958410777158227
0.0960936471238389
0.0951420325145335
0.0973063836769236
0.0968420728824646
0.0954107922692174
0.0951095978533759
0.0955307087702029
0.096236445981448
0.0954730711360658
0.0972282666183115
0.0965389356250229
0.0951049026528423
0.0967398578271691
0.0956316825655871
0.09763923158456
0.0957068597419475
0.095431030202552
0.096899818452246
0.0962440014765596
0.0959714100064977
0.0968569140335766
0.0958576998050682
0.0961143167997513
0.0956915328804354
0.0948152033831348
0.0952856948572983
0.0953483514989023
0.0964416856093723
0.0962108652337131
0.0961253802033076
0.0961189040646405
0.0963828606831463
0.0959601846994748
0.0960952661585057
0.0964182635745263
0.0957187866306593
0.0967574513372147
0.0948612379354933
0.0962733060040282
0.0959306103328951
0.0964307301414605
0.0961135612502402
0.0956374571225652
0.0974059286890784
0.0964231206785266
0.0970524394535002
0.0968299301224638
0.0954990836263786
0.0955072327675347
0.0950969154151529
0.0949470467728322
0.0958863027508478
0.0966540489898303
0.0963692607919454
0.0967691623546377
0.0957137136553701
0.0956425300978545
0.0953393388725906
0.0975276261281973
0.0955168390398909
0.095970762392631
0.0968295523477082
0.0963860447846576
0.0960741107721932
0.0951856924827141
0.0963261944698093
0.0953891511725049
0.0957254246727931
0.0950746267045737
0.0969228087445142
0.094680607634504
0.0953940622443274
0.0956356222166096
0.0959424832537848
0.0947213533402844
0.0959044359391157
0.0967742353299269
0.0961672052655325
0.0953829448729489
0.0947585371697979
0.0966450363635186
0.0957170596603481
0.0972712789726254
0.0961088120818843
0.0966352681876958
0.0963012073681188
0.096478923406708
0.0964159969259928
0.0956527300162551
0.0960702250889929
0.0957381071110161
0.0958273159211552
0.0957502498710169
0.096425117487949
0.0967491942604142
0.0964851297062639
0.0960191175613452
0.0962039033846459
0.0964246857453712
0.0962385507265148
0.0963582513562114
0.0966965216659219
0.0963531244130999
0.0963675877894564
0.0960643965641926
0.0966373729327626
0.0960300190614348
0.0954290873609519
0.0963064962146969
0.0965739067738252
0.0964137302774594
0.0958754012507582
0.0964564188248399
0.0968398062339311
0.0958242397552883
0.0959415658008069
0.0958755631542249
0.0966508109204968
0.0959293690729839
0.0968605298776657
0.096560372800342
0.0946575633744136
0.0954825155049553
0.0959494990706741
0.0957133358806145
0.0968319808997084
0.0962822646625176
0.0957670878315513
0.0951004772914198
0.0956675171995449
0.0963022867245633
0.0963520450566554
0.0951415468041335
0.0948778060569166
0.0956699997193673
0.095058436357906
0.0962529061672269
0.0965993256180935
0.0957605037572398
0.0951283246876882
0.0958825789711143
0.0964761170799523
0.0959534926895188
0.0981000088507228
0.096340711813988
0.0978629282076855
0.09715233389244
0.0966856741336545
0.0958561347382237
0.0978701059280415
0.096228080969003
0.0959082136866715
0.0972502854897796
0.0962551188479381
0.097093994676614
0.0953176438080559
0.0957113390711922
0.0966899375916104
0.0961400054831307
0.0956574092664676
0.0967498418742809
0.0951127819548872
0.0972600536656024
0.0967565338842369
0.0968038636643288
0.0953590910955252
0.0962492363553155
0.096595385967071
0.0959579720187635
0.096675258343965
0.0974094905653453
0.0960339587124573
0.0960924833278281
0.0958433983321784
0.0967823305032607
0.096221604830336
0.096011184291478
0.0959975844002772
0.0964359650202163
0.0970769408447907
0.0962566839147826
0.0964785456319524
0.0972673932894251
0.0959800988258761
0.0961942971122898
0.0946395920896125
0.0955722639933166
0.0965429292438676
0.098134494289125
0.0958888932063147
0.0968842217516228
0.0967577211763258
0.0948745140197609
0.0964375300870609
0.0970728932581238
0.0965383959468007
0.0961042787848173
0.0963511276036776
0.0958491189213343
0.0961436213272199
0.0955806290057616
0.0954103065588174
0.096776663881927
0.0961715766591328
0.0956261238798979
0.0958000621709312
0.0970143921388311
0.095923648483828
0.0950989661923974
0.095177543341558
0.0952378253989841
0.0963952732822582
0.0964341301142607
0.0959838765734319
0.096131694438508
0.095862179134313
0.0959062708450713
0.0961696877853549
0.0946073193319215
0.0952409555326732
0.0972985327228493
0.096586535244226
0.0977178627015428
0.0958958550553818
0.096174976631933
0.0958784774166251
0.0945748307029417
0.0966144905761389
0.0955977907732294
0.0955875908548287
0.0958024907229314
0.0966842170024545
0.0967497339386364
0.0962182048575357
0.0962488585805599
0.0969074818830021
0.0961133993467735
0.0969761289528731
0.0948332286357582
0.0964809741839526
0.0958374618717336
0.0961762178918442
0.0956839234175016
0.0955922320875401
0.0970023573144748
0.095527632604336
0.0940546348645084
0.095880366290403
0.0956132795382081
0.0953310817957901
0.0973631861738757
0.0965927955116042
0.096428463492927
0.0956191080630085
0.0972707392944031
0.0953594149024586
0.0961899796865117
0.0961892781048228
0.0953527768603248
0.0954087414919728
0.0957820908861301
0.095973622687209
0.0968939359596234
0.0958456110128897
0.0961740052111329
0.0961450244905977
0.0968330062883307
0.0949956717806575
0.0958964900007341
0.0968216730456632
0.0965258214442221
0.097091350253325
0.0972021461923543
0.0963565243859001
0.095888029721159
0.0961685544610881
0.0957888368639083
0.0959314738180507
0.0958552172852458
0.0959376261497844
0.0959837686377874
0.0967250706438793
0.0961815607062445
0.0959600767638303
0.0958178701502816
0.0958601823248906
0.0956566156994554
0.0955848384958952
0.0955480864089595
0.0973495323148526
0.0964408221242167
0.0958133382551987
0.096625769850984
0.0961960780504232
0.0953586702849975
0.0960786440692601
0.0957685989305736
0.0949724116492782
0.0954816520197997
0.0977302213328325
0.0945214025589383
0.0965040724118651
0.0962672616079389
0.0946605316046361
0.0966163794499168
0.0960309004591999
0.0967429879608582
0.095687377358124
0.0952405777579176
0.0961323420523747
0.0958655251392909
0.096298131202252
0.0952908757682319
0.0969097485315356
0.0953430626523242
0.0951345849550664
0.0979102040199551
0.0961130755398401
0.0956822504150125
0.0949387357282094
0.0962429760879373
0.0965660274717802
0.0947282612215293
0.0956826821575904
0.0962043351272237
0.0951323183065329
0.095913610468894
0.0970208682774982
0.0959165247312942
0.0965633290806689
0.0959030327757378
0.0950675569198621
0.096026241313879
0.0964900947459087
0.0961524720500649
0.0980236810687461
0.0971200071669268
0.0967388864063691
0.0958668743348466
0.0957734560345739
0.0965109263252878
0.0961089200175287
0.0948088351801122
0.0966619822596975
0.0957679513167069
0.0968487109245983
0.0964657012902627
0.0976316760894484
0.0963953812179026
0.0957868400544859
0.095593635250918
0.095652460177144
0.0965101168079544
0.0967223182849458
0.0958433983321784
0.0962241413179806
0.0956461459419436
0.0952610855303634
0.0965973827764933
0.0955339468395364
0.0966840550989878
0.0972889804183154
0.0959428070607181
0.0966442268461852
0.0953948859772408
0.0958345476093334
0.0969241039722476
0.0970516839039891
0.0957183009202593
0.0964010478392363
0.0955695116343831
0.0962816710164731
0.0964037462303476
0.0971374387735057
0.0962399538898927
0.0965273325432444
0.095791643190664
0.0964186953171041
0.096965335388428
0.0958487411465788
0.0968260444392635
0.0956323301794538
0.0958320111216888
0.0955560736466489
0.0941233393348272
0.0972227619004445
0.0956311428873648
0.0951111089523982
0.0951873115173809
0.0964748218522188
0.0963750893167458
0.0956370253799874
0.0962314809418033
0.0961719544338883
0.0961023359432172
0.0971360356101278
0.095392281306194
0.0960806948465047
0.0959360071151177
0.0971780765436416
0.0960450221160136
0.0968900502764232
0.0956062097534966
0.0959735480918272
0.0959740004619646
0.0977103072064312
0.0968705139247775
0.0961048184630396
0.0963708798266122
0.0964716917185297
0.0956979550512802
0.0957498720962613
0.0965630052737356
0.0963331023510542
0.0962677473183389
0.0959959653656104
0.0955877527582954
0.0958784234488029
0.0961193897750405
0.0959651497391195
0.0960590909679676
0.0954459253214863
0.0969002501948238
0.0955758798374057
0.0963721210865234
0.0956208350333197
0.0971283182115495
0.0965421197265342
0.0963107057048306
0.0966531315368525
0.0955811147161616
0.0962962962962963
0.0954784679182884
0.0961808591245556
0.0961024438788617
0.0966233952668061
0.0964959232707091
0.0963177215217199
0.0961776750230443
0.0957208374079039
0.0965896114100928
0.096508821580221
0.0967010009951666
0.0948868186832283
0.0958575400963305
0.0964564188248399
0.0953472181746356
0.0954380460194414
0.0958453951416008
0.0962727123579837
0.0965655417613802
0.0957880273465749
0.0953548816053916
0.0964891772929309
0.0959891114521877
0.0964716917185297
0.0960312063535238
0.0961822622879334
0.0959644481574306
0.0949632910873221
0.0958851694265811
0.0953656751698367
0.0954397729897526
0.0955615783645159
0.0961923003028674
0.0967267976141905
0.0956079367238078
0.0971891399471979
0.0958125287378653
0.0970738646789238
0.0952509935476072
0.0965158913649326
0.0965753639050253
0.0957711893860405
0.0958379747764551
0.0955905051172289
0.0969204881281585
0.0953508340187247
0.0966266873039619
0.0958058367279093
0.0965842146278703
0.0960457236977025
0.0953792210932154
0.0957943955495975
0.0960299650936126
0.0959080517832048
0.0955787940998059
0.096316318358342
0.0975251436083749
0.0955000550471787
0.0964390411860832
0.0957889447995527
0.0970670647333234
0.0952559585872519
0.0956765298258566
0.0965810844941812
0.0959288293947617
0.0965903129917818
0.0969840622227403
0.0962695822242946
0.0956899138457686
0.0949428912505208
0.0952324286167615
0.0956947709497689
0.0962900360289181
0.0955846765924285
0.0963872320767466
0.0964270062198158
0.0973628083991201
0.0955358357133143
0.0963091946058082
0.0964809741839526
0.0959477721003629
0.0954451158041529
0.0963094104770971
0.0961076787576176
0.0972873613836486
0.0956717266896785
0.0949255675795864
0.0968692726648663
0.0957107454251477
0.0972182286033775
0.096876126578289
0.0952822409166758
0.0962457284468708
0.0952469999287625
0.0964353713741719
0.0969428308065599
0.0954834329579332
0.0976455997875827
0.0966675409453867
0.0961160437700625
0.0965229071818219
0.0953928749522385
0.0952944376444988
0.0953355071572126
0.0952335619410283
0.0967696480650377
0.095183263930714
