"V1"
0.0889835484490727
0.0881548725387975
0.0879745660447415
0.0868421052631579
0.0861322664974236
0.0886970332808766
0.0891056236629472
0.0883296743149864
0.0886382083546506
0.0896198830409357
0.0893768119696312
0.0881734914374653
0.0886681065281636
0.0859532012632788
0.0889684914266718
0.0889100982430236
0.0885332409404217
0.0878944238287364
0.0865657360455402
0.0875927976703171
0.0894051450762997
0.0882608263870448
0.0893086506101602
0.0879228648710493
0.0890328210707648
0.0868890572684942
0.0887237248907543
0.0870293196384588
0.0884021531002355
0.0880682541841253
0.0886549383795406
0.0881314505039515
0.0862207737258737
0.0857248094396197
0.0895865848946224
0.0875715343483601
0.0891109125095253
0.0882241672225352
0.0885335107795328
0.0871115126317085
0.0893537137417186
0.0862159705896956
0.0880679303771919
0.0872418988902057
0.0864988699138026
0.0873392568415008
0.0879960452379873
0.088240843279603
0.0884053372017468
0.089159375613884
0.0865288760229601
0.089604664115068
0.087809208637442
0.088808314930306
0.0896460034668929
0.0875869151776945
0.0897382344750766
0.0887580169199916
0.0878312814767323
0.0885277362225547
0.0869537107195206
0.0861719868145817
0.0882686906758714
0.0892982348204706
0.0891364257540528
0.0883215251738304
0.0889853833550284
0.0872992666852316
0.0897879304054214
0.0858931350771416
0.0885336726829995
0.0882616208911599
0.0887716168111925
0.088527088608688
0.0885157553660206
0.0878835571042127
0.0868264006268902
0.0855385125172967
0.0891359939723271
0.0882848810225391
0.0879640962872297
0.0888829341692249
0.0889677898449828
0.0882389004380029
0.0866306593356777
0.0895763849762218
0.0870878747255736
0.0882338274627136
0.0875495154768921
0.0868541400875142
0.087966794678341
0.0882165037917792
0.0871623503202451
0.0886941190184764
0.0887601216650584
0.0867212173413724
0.0884715557196177
0.0876340290864975
0.0876697557848109
0.0881188220335507
0.0885102719391996
0.0881467233976414
0.0890337385237426
0.0893359583282064
0.0878074816671308
0.0874205863495949
0.0880838508847485
0.0878156308082869
0.0875613883977817
0.0889513836270262
0.0868522416901469
0.0897267793185189
0.0876582606386768
0.0902204909344852
0.0875247982143127
0.0885324314230883
0.0898147608469926
0.0889055109781344
0.0890803667221456
0.0881268632390623
0.0888790667452438
0.0882783509160498
0.0886996777041657
0.0886546685404295
0.0885743644209576
0.0899236139444218
0.0890049736744963
0.0899676516873579
0.0884640002245061
0.0873526681132666
0.0871295918521541
0.0885277214662444
0.0891323917027711
0.0881906532049331
0.0892367654709556
0.0871287823348207
0.087115937993131
0.0864902890300687
0.0879979880795874
0.0877158982728138
0.0885914317667582
0.0863005921349455
0.0868462607854693
0.0880561114241245
0.087245784573406
0.0884813778632628
0.0884951936257526
0.0872607876279847
0.0892246766787771
0.0863089571473904
0.0895648358622655
0.0882265957745354
0.0885034877168894
0.0898982490679757
0.0851756328806512
0.0869740565884997
0.0874702367460425
0.0885968690028257
0.088651426930658
0.0879000364822478
0.0883121347727631
0.0883777596445895
0.0886544526691406
0.0894950554681277
0.0889573200874711
0.0867664963442197
0.0873716375348362
0.0873515615049683
0.0881020920086608
0.0882553211700421
0.0877678153177949
0.0859170967902098
0.0893285107687393
0.0861655851024788
0.088748788422391
0.0892277528446439
0.0874460591616854
0.0881355557138755
0.0889718884606665
0.0892799397287361
0.0899937809333782
0.0886813286446089
0.0880846604020819
0.0879984198221652
0.0889505201418706
0.0884535844348166
0.0898542113250396
0.0895078998098174
0.0861154825047114
0.0883812135852119
0.0885364990134235
0.0870905191488627
0.0872485369323395
0.0882237354799574
0.089222032255488
0.0891273043650974
0.0880612383672359
0.0885286536755325
0.088514190299176
0.0891753500892628
0.0884253052959703
0.0895954895852897
0.0896631112665384
0.0875305188034686
0.0875902611826724
0.0874902588080883
0.0893125902611827
0.0865555900949618
0.0880867651471487
0.0880961015803937
0.085479558373651
0.0875231252118237
0.0862772240679217
0.0880727874811922
0.0882802397898277
0.0892775647751167
0.0878761287370018
0.0887736675884371
0.0878026245631305
0.0880947523848381
0.0881876310068885
0.0877573455602831
0.0900409939577626
0.0869782660786333
0.0897155140219196
0.0875310868748624
0.0881835294523993
0.0885196410492208
0.0879734327204747
0.0893008806188296
0.0873538281535018
0.0889254790723579
0.0882255164180909
0.0872925207074534
0.0893012577231455
0.0899487629495789
0.0893669898259861
0.087961277814839
0.089382964301365
0.0878166561969091
0.0902305178123475
0.0874657574167978
0.0877319806838371
0.0874722335554649
0.0890313639395647
0.0892575430825125
0.0881939992099111
0.0882107832026233
0.0897320281755206
0.0884606542195281
0.0866741574003916
0.0892573272112236
0.0876588542847213
0.0888306576087074
0.0887981150119053
0.0876866106645768
0.0897718564283232
0.0858371704454936
0.0881998277347115
0.0880260513471448
0.0864344863018874
0.0882289163908911
0.0878882714970026
0.0894734683392374
0.0876160578016963
0.0883005856588068
0.0884655113235285
0.0879176839601156
0.088739697075675
0.0869223554148075
0.089352850256563
0.0880463432483016
0.0892543589810012
0.0863377219966367
0.0880956698378159
0.0873373139999007
0.0879499975172551
0.0888065339921725
0.0870694716981947
0.0874649478994644
0.0895021252528393
0.087579143811294
0.0883092744781851
0.0882449988019143
0.0891674168193956
0.0885635920883903
0.0866012193515934
0.0883562264835215
0.0894607636752275
0.088822670371018
0.0893826944622538
0.0870710907328614
0.0872515208821764
0.0881601074175534
0.0880305306763895
0.0877715930653507
0.0877304156169925
0.0877640915380613
0.0882491543242257
0.0885815421413137
0.0878603161650897
0.0895511280354202
0.0878166561969091
0.0883280013124974
0.0854316333162749
0.0892663389591942
0.087115937993131
0.0889656311320938
0.0882234656408463
0.0884034483279689
0.0884468924248606
0.0883859627535678
0.0888498161855975
0.0883835881693899
0.0885431373564931
0.0880183339485665
0.0886546685404295
0.0880793715555037
0.0880034844785264
0.0858047897521582
0.0870526877054825
0.0879724073318525
0.0884900303354169
0.0867362743637733
0.089143832881083
0.0888655557426525
0.086852898827603
0.0888938361635342
0.0875277124767129
0.0868729719752071
0.0870774589358841
0.0873896088196374
0.0878990650614478
0.0864585559506
0.0862065801886283
0.08899293885014
0.0897732056238788
0.0881597296427978
0.0902868713558228
0.0879814739259864
0.0886521320527848
0.0893864722098096
0.0861781391463154
0.0887524582343024
0.0871040111044191
0.0881153680929283
0.0891396233909494
0.0901584819067479
0.088849708249953
0.0878467702417111
0.089419554484834
0.0875587196525178
0.0855860581686775
0.0889812818005392
0.0885739866462021
0.089432236923057
0.087008326155613
0.0878260465979764
0.0885948182255812
0.0881823961281326
0.087587994534139
0.0867190586284834
0.0882949280900138
0.0874303005575955
0.0889437741640924
0.0878455289817999
0.0873319711855004
0.0879344139850056
0.0878396464891773
0.086879666867427
0.0883829945233454
0.088811510005462
0.0876504892722763
0.0879005221926479
0.0872541495858509
0.0885933610943811
0.0873806501611479
0.0871572233771336
0.0865492758597614
0.0875492456377809
0.0875184839791123
0.0882479670321368
0.0889111236316459
0.0885923582416918
0.0883959468006796
0.0890724334522784
0.087787931384359
0.0896501589892043
0.0879618836065185
0.088160970902709
0.0875083919963561
0.0869806946306334
0.0883957848972129
0.088772210457237
0.0885231489576655
0.0884258989420148
0.0893097839344269
0.0879851437378977
0.0890662811205447
0.0876714827551221
0.0870716606751519
0.0862287609635631
0.0898512970626394
0.0888122006135062
0.0874816239565322
0.0870898343469409
0.0884264386202371
0.0898661368704892
0.0876942032082791
0.0883850992684122
0.0872094102612258
0.0880259973793226
0.0873619233268356
0.087126947428865
0.0884223910335701
0.0870438369826375
0.0860275149544835
0.0883596264563217
0.0877136316242803
0.0875905310217836
0.0872393084347389
0.0895683977385324
0.0899909657865594
0.0896170227463577
0.0875420679174249
0.0886598494513631
0.0882352845939137
0.0874406084116406
0.0872031095510105
0.0864068547769078
0.0887860262197268
0.0886310306342946
0.0879581598267849
0.0887343250460346
0.0881934595316888
0.0870505961826178
0.089438928933013
0.0868983934130366
0.0868377878373798
0.0899085029541986
0.0866499798160345
0.087798199201708
0.0890700049002783
0.0876757621487186
0.0878442877218887
0.0881335552490183
0.088682785775809
0.088622503718383
0.0886748525059419
0.0878697605339792
0.0864451179628658
0.0867397283043958
0.0859878194375179
0.0872247910905602
0.0898376971714385
0.0879591312475849
0.0896659715611164
0.0875181062043567
0.08849028255393
0.0881791116954557
0.0867265061879505
0.0878393226822439
0.0885602248515345
0.0880771588747925
0.0890992554599246
0.0875902072148502
0.0900183814402501
0.0876299932857942
0.088406092751258
0.0877724025826841
0.0885237965715322
0.088393410313035
0.0878317671871323
0.0868925112091167
0.0879025190020702
0.0878617732962898
0.0865694598252738
0.0881205490038619
0.087681035059656
0.0871735164253867
0.0887216965756337
0.0882154244353347
0.0885351298141996
0.0884409559644158
0.0879380298290947
0.0885812723022025
0.0882814810497389
0.0895474582235088
0.0879203204538684
0.0881333933455516
0.0871479409117108
0.0864930953568245
0.0892523082037566
0.0872441655387392
0.0894670461683926
0.0866415068679451
0.088044508342346
0.0881792120266213
0.0879530868514957
0.0869362251451195
0.0885798151710024
0.0885422535667334
0.0882313449428913
0.0895553080006995
0.0885693993813129
0.0880953999987048
0.0875744081355054
0.0895299186812855
0.0877170855649028
0.0879998769533653
0.0887106871398997
0.0885004824723307
0.0893983451306993
0.0884768985340181
0.0861704757155594
0.0874164847951058
0.0883312933496532
0.0883929246026349
0.0885871008270029
0.0887420424446128
0.0881750025364876
0.0895712040652881
0.0895849658599557
0.0877511620325693
0.088751648716969
0.0898369416219273
0.0881309108257293
0.0878276413707343
0.0885114756788148
0.0879211918685603
0.0878704621156682
0.0891818801957521
0.0882181879416317
0.0875471948605364
0.0875979560379778
0.0873498345346571
0.085738031556065
0.0862577416840983
0.0870968333840631
0.0876503813366318
0.0872157244964263
0.0884945999797081
0.0879064415356749
0.0872746573582967
0.0868465306245804
0.0903720865471171
0.0889424249685368
0.086885657295694
0.087547356764003
0.0881390059990631
0.0877418028274821
0.0896443844322261
0.0892468034858896
0.0867007095689266
0.0884472701996162
0.08746532567422
0.0868828509689383
0.0901134727430117
0.0884665367121508
0.0872031499938477
0.0884386893158823
0.0870685542452168
0.0878693827592236
0.0868754573772934
0.0886007007182038
0.0883398742333871
0.0896843206206731
0.0876485464306762
0.0866788526009252
0.0892321782060664
0.0875945786084505
0.086759858302086
0.0893075712537157
0.086461901955578
0.088622287847094
0.0879389472820725
0.0885977324879814
0.087264560339914
0.0894293831414151
0.0876302513389417
0.0879359790518501
0.0886534272805183
0.0878366782589549
0.0900307400715397
0.08829799520334
0.0886049102083374
0.0880539527112355
0.088584024661136
0.0858532528565168
0.0884919015885968
0.0873982436711935
0.0884887714549077
0.0879867627725645
0.0886980047016767
0.0880290705456178
0.0885062030614866
0.088234636980047
0.0879494710074065
0.0873445315923894
0.087142004451266
0.0880425655007458
0.0883607058127662
0.0891387599057938
0.0867129968458345
0.0870240847597029
0.0881614026452868
0.0870562495817494
0.0880145022331885
0.0871610011246894
0.0891196552967259
0.0888775016783993
0.0877980372982413
0.0897057458460967
0.0871815628649574
0.0890526812293438
0.0877039713841019
0.0874394211195517
0.087334993383545
0.0876284704008082
0.0871818327040685
0.0889237521020467
0.0891078903114807
0.0887506233283467
0.0883608677162329
0.0869137209693924
0.0865330315452714
0.0879037428998893
0.0886414464239842
0.0876983047627682
0.0878972841233143
0.0864238006730867
0.0885984340696703
0.088304471342007
0.0872466480585616
0.087450268651819
0.0869293172638746
0.0879035983585147
0.0880365750724788
0.0887612549893252
0.0864995175276693
0.0886031832380262
0.086692182653015
0.0882846651512502
0.0885743104531354
0.0886975462956966
0.0891778326090852
0.0875928516381393
0.0885379361409553
0.0874040182281716
0.0887242330632784
0.0883097062207629
0.0886196973916272
0.0879214077398492
0.0874797350827543
0.0887010268997213
0.0888570478737757
0.0893544215528166
0.088600268975626
0.0875932833807171
0.0891759977031295
0.0877291203892591
0.0883730104762337
0.0892805333747806
0.0872542575214954
0.0866244530361217
0.0874737986223094
0.087505261862667
0.0873641360075469
0.0882261640319576
0.0885002666010418
0.0876640351956549
0.0882624304084932
0.0884958952074415
0.087399323027638
0.0872975397149204
0.0884971364673527
0.0869971883361299
0.0867191665641278
0.0884288671722372
0.0892845268859686
0.0887914230019493
0.0880114800351438
0.0878537320907782
0.0870946207033518
0.0879201125121158
0.0886363194808727
0.0886960618600765
0.0875627915611596
0.0887804675340375
0.0899380773207783
0.0881742469869765
0.0898330559387271
0.0888457685989306
0.0876568574752989
0.0885740406140243
0.0881707390785318
0.0892193848252874
0.0878457448530888
0.0893010951150486
0.0890626450516735
0.0885489867162352
0.0877361362061485
0.0878238216131497
0.089779951601657
0.0867007635367489
0.0893697961527419
0.0877095300697912
0.0867001698907044
0.0891615882945952
0.0872238196697601
0.088376194577745
0.0870469131485043
0.0886785762856754
0.0870471290197932
0.087225708543538
0.0886493796938513
0.0890646620858779
0.0883552010948992
0.0880660954712362
0.088675122345053
0.0866314148851889
0.0896701270834278
0.0871375251220212
0.0877972817487301
0.0881806691578213
0.0855728900200544
0.0884159688627253
0.0891496074380611
0.088387204013479
0.0893371456202953
0.0871830452269769
0.0862795446842774
0.089113233125881
0.086252884580098
0.0886721001470084
0.0870419481088596
0.0898066656736587
0.0895241980921296
0.0884494828803274
0.0882359861756027
0.0879515152692685
0.0866167356375435
0.0882055483238674
0.0878273418257098
0.0890214338602752
0.0867920719833858
0.0883403059759649
0.090469498162852
0.089643715309037
0.0887491122293244
0.0888123735689134
0.0873795708047034
0.0881948626950667
0.0899259885285997
0.0859209824734101
0.087542337756536
0.0879958293666984
0.0878383512614439
0.0900392130196292
0.0886559098003406
0.087371097856614
0.0891330393166379
0.0875272807341351
0.0872885270886087
0.0882957285548065
0.0884463686644301
0.0883392266195204
0.0886999475432768
0.0892034133568201
0.0889301742728915
0.0871061158494859
0.0870527956411269
0.0855602405996856
0.0888334099676409
0.0867784772007538
0.0883280552803197
0.0895593019816622
0.0875990579376952
0.0879816358294531
0.0888156005863064
0.0862597924613429
0.0886266592406943
0.0895380138546193
0.0868919175630722
0.0868559749934699
0.0882589225000486
0.0885957896463812
0.0872927905465645
0.0880107244856327
0.0888399940419524
0.0868159308693784
0.0859775407511026
0.0893495582194073
0.0869288855212968
0.088935786926403
0.0874820017312877
0.0878569701601117
0.0865873231744305
0.0903152511344551
0.0884930349128636
0.0887942832965273
0.0888786889704882
0.0893719548656309
0.0874967889145776
0.088169335915154
0.0871186903520645
0.087580600942494
0.0864383180172654
0.0897847547378351
0.0889959070803624
0.089937537642556
0.0890970427792133
0.0867774518121315
0.0856752669788166
0.0884564986972168
0.0886113863470045
0.0861173174106671
0.0871629979341118
0.0883831564268121
0.089112261705081
0.0881057618205721
0.0873479456608792
0.087116423703531
0.0867674137971976
0.0878985793510477
0.0872102197785592
0.0868235403323123
0.0879375441186947
0.0863801946727283
0.0883210934312526
0.0891395154553049
0.087672184336811
0.0886405289710063
0.0890311365275097
0.0894177195788783
0.0877562662038386
0.0882751128467163
0.0873787073195478
0.0889888372956508
0.0880245942159447
0.0893534978704297
0.0889703803004497
0.0876323021161863
0.0877966341348634
0.0890711921923672
0.087312272930388
0.0861757315130241
0.0875377504916469
0.087679362057167
0.0867988770375551
0.0887295219098565
0.086727099833995
0.0890160370780526
0.087582975526672
0.0870904651810405
0.0871534456295778
0.0889486852359149
0.089014472011208
0.0886482463695846
0.0875146522637343
0.0869233808034298
0.0881370129771998
0.0887010268997213
0.0877449869289935
0.0891953721513085
0.0882458356273818
0.0875616042690706
0.0881354980906184
0.0880952920630603
0.0879997150498986
0.0881019840730163
0.0881354441227962
0.0884152672810364
0.0870070309278796
0.0877223204436587
0.0883584391642327
0.0873312696038114
0.0874813001495988
0.088372848572767
0.0868779398971157
0.0901703548276376
0.0881844469053771
0.0881226022621045
0.0885055554476199
0.0897855642551685
0.0903933498690741
0.089214152953443
0.0882684208367603
0.0880814763005705
0.0874576082756417
0.0879356012770945
0.0890552716848106
0.0898748270331298
0.0876542670198321
0.0871669375851342
0.0893039014418043
0.0887331666731431
0.0869047079369397
0.0887757183656816
0.0893055753446541
0.0877885389615296
0.0882511511336481
0.089318418785983
0.089373038180727
0.0891772389630407
0.0870317481904589
0.0873937103741265
0.0901224314015012
0.0874533987855081
0.0886872651050538
0.0889932086892511
0.0863223963022213
0.0880019816984321
0.0896088736052016
0.0879613378582007
0.0891498772771723
0.0900486725950298
0.0875068269295115
0.0907888429698532
0.0891342197410291
0.0880002547281209
0.0873096824749212
0.0883751152213005
0.0885847802106472
0.0884420353208603
0.0893973737098992
0.0877022983816129
0.0872232799915378
0.0893363923681722
0.0873080094724322
0.087728148968459
0.0880528733547909
0.0883999404195243
0.0891844166833967
0.0872946794203424
0.0892443674363874
0.0882886587700949
0.0890643382789446
0.087513141164712
0.0884992412124195
0.0889020030696897
0.0895420614412862
0.0869536116418909
0.0873392568415008
0.0869638027022768
0.0886948209940911
0.0873637582327913
0.0893110274893836
0.0886864555877204
0.088828619356343
0.0886266592406943
0.0888263401829293
0.088600754686026
0.088199719799067
0.0893175013330052
0.0876278227869415
0.0880782914308166
0.0885426313414889
0.0882329100097358
0.0887076109740328
0.0875398012688914
0.089754586725211
0.0892234893866881
0.0868987714764949
0.0879895690993202
0.0877143699079051
0.087235044976783
0.0896459118600745
0.0876346767003642
0.0893832881082983
0.0888426924330637
0.0881793199622657
0.0886341607679837
0.0863481917541485
0.0890346020088982
0.0872973778114537
0.0892495558448231
0.0882931380993397
0.0879434805791395
0.0873700185001695
0.0891960737329974
0.0865640630430512
0.0879018174203813
0.0888765302575992
0.0886279005006055
0.086542961624561
0.088366475585927
0.0868997428972949
0.0856691105512341
0.0883913055679681
0.0876636574208994
0.0858739225324293
0.088515863301665
0.0882323163636913
0.0879766707898083
0.0874642463177755
0.0879135284378042
0.0897307329477872
0.0887445249644352
0.0876648447129883
