"V1"
0.0924157879510165
0.0925734494015234
0.0899981324593675
0.0921239442458158
0.0927244119139381
0.0925632480957563
0.0906931804687416
0.0933441607509888
0.0930697510233691
0.0930021201443944
0.0915714544795067
0.0912681680397948
0.0905135952640033
0.0915013407430437
0.0911591382109608
0.0896840509870978
0.0934331118192653
0.0922609332089746
0.0890822818971622
0.0922827931499041
0.0929045870252345
0.0916081575902033
0.0912901899062128
0.0931314986095998
0.0940565249494792
0.0914429935920687
0.0914013247663955
0.0937437928562792
0.0893276529872014
0.0914532391963813
0.0937783909356271
0.0927890801768658
0.0905436054545141
0.0897416091805119
0.0928172552118417
0.0932925802377174
0.091308811337375
0.0904791051349811
0.0889681784030261
0.089929559218836
0.0917434193481527
0.0932642235348982
0.0931383662056979
0.0916393012591326
0.0925834887818022
0.0915966069053664
0.0917606374250825
0.0940739589270601
0.0923862635369708
0.0922495444496261
0.0924070439746446
0.0935864012815863
0.0913011468642589
0.0925893720745462
0.0918097548232205
0.0912781534449108
0.092432790127295
0.0939103062334836
0.0895552122735202
0.0922589090045449
0.0912514144057768
0.0932505678187125
0.0909786140708834
0.0920629523118642
0.0914931904934625
0.0920278144808885
0.0915919650413666
0.0882173354492557
0.0902717325595454
0.0931868771266214
0.0929801522531392
0.0930439508955559
0.091396844827884
0.0913885866279773
0.0928546599996546
0.0924047565070009
0.0921705248113028
0.0913922444969826
0.0936918147745134
0.0938397606957183
0.0920766620032126
0.0907632824579133
0.0899292061764858
0.0911595160371004
0.0934812089174505
0.0894933567369639
0.0937848679551617
0.0914226449556972
0.0907728379708793
0.0901295080055961
0.0924308470214346
0.0939879764927371
0.0912588118448468
0.0919880347859129
0.0920590661001434
0.0902317258801049
0.0928038153963072
0.0885515980966199
0.092816661485051
0.0913430315905833
0.0918786271309394
0.0937373135359713
0.0932645473858749
0.0907356068702702
0.0893893465982693
0.0926201918924987
0.0927865433442147
0.09284354111612
0.09284354111612
0.092690251653799
0.0911377640464964
0.0913353131423044
0.0926757863101715
0.0923844609256081
0.0904395936565513
0.0919045352090782
0.0931720879320172
0.0909983329446417
0.0894011671589201
0.0913051410263053
0.0921096408276767
0.0929678998911861
0.0905332961984213
0.0938668562274384
0.09126543289847
0.0929774534949997
0.0926570569286837
0.0905648217119539
0.0908820297252017
0.0922364284850683
0.0919908414943779
0.0917436892239667
0.0905914274487452
0.0924435851598528
0.0905570992452113
0.0907225331191599
0.0900984183118296
0.09174336537299
0.0931789967528542
0.0915024742214623
0.0919594279496347
0.0946018899943002
0.0912533248700278
0.0915013407430437
0.0935507236989827
0.0911952262201639
0.091688850458573
0.0932398267613175
0.0928917949116534
0.0905680022280947
0.0926428074857074
0.0931191922724839
0.0936258571255851
0.0886429780472218
0.093422694612847
0.0930553396549044
0.09114731765031
0.092645722144498
0.090922619047619
0.0931909252638306
0.0931859055736912
0.0893141591965041
0.0916915492167124
0.0902371884553604
0.0889454394317237
0.092994023869976
0.0927654390555642
0.0917114120766188
0.0896083778088675
0.0896599780644938
0.0927698650189129
0.0928181727896091
0.092232164447208
0.0896916075098882
0.0931329019638323
0.0920377998860045
0.0891714488660898
0.093766624350139
0.0929905694595575
0.0934811497141475
0.092489501354838
0.0905989839715357
0.0935809497901446
0.092025385598563
0.0930224687807658
0.0918841865727067
0.0943259689621224
0.0913153423320725
0.0890944802839525
0.0917864915280584
0.0916211656044355
0.0902347595730349
0.0937321342211168
0.0920334445272101
0.0930347751178818
0.0928861275195606
0.0914678761421144
0.0919870092578199
0.09087425730176
0.0900904839628996
0.0921239982209786
0.0902347595730349
0.0904649096671676
0.0931174110921119
0.0896881530994697
0.0907638371603459
0.0916552239321554
0.0918561194880564
0.0929667124376047
0.0917070400884329
0.09341346486001
0.0918871012314973
0.0913111862445377
0.0918648094892654
0.0932677858956423
0.0926775674905436
0.0914199461975577
0.091577013921274
0.0911235685786828
0.0908155862998083
0.090093722472667
0.0939184564830648
0.0923549579425531
0.0930770376703456
0.0930010406411386
0.090390315992193
0.0926374639445913
0.0917822814653609
0.0916439431231325
0.0905370744598166
0.092059929702748
0.0935769016529354
0.0931208115273676
0.0904569213430748
0.0928663726099798
0.0890634783885441
0.0887007854465689
0.0886774142010812
0.0911041375200788
0.0920283166542518
0.0934972882878215
0.0936978599927457
0.0914360307960689
0.0929439888940705
0.0920851361037705
0.0930991135119263
0.0920927466017238
0.0908738794756205
0.0931897378102492
0.0937890123176906
0.0903407128175899
0.0922474933934401
0.0904698753821442
0.0932993274389783
0.0937196119833497
0.0927394230270999
0.0906072421714424
0.0922150543206038
0.0930650646111993
0.0926397848765912
0.0938413259754391
0.0916996994662936
0.0906208439124652
0.0907525972848334
0.0903974407136812
0.0916320146121561
0.0924263670829231
0.0899375723267181
0.0944027756187713
0.09067984799905
0.0907819597733907
0.091554992054856
0.0917076338152236
0.0938472632433459
0.0940532864397119
0.0913624626491873
0.0912283883448193
0.0911243242309619
0.0920162637960516
0.0915230387584849
0.0931422936421576
0.0926917629583571
0.092862216522445
0.091213599150215
0.0929603433683956
0.0904649096671676
0.0926227827003126
0.0923496683765998
0.0938630779660432
0.0915268106789304
0.090980210546315
0.0925558938152454
0.0929383215019776
0.0909745431542222
0.0935542636914208
0.0916077177708248
0.092151795429815
0.0918435972502893
0.0908232507729243
0.0889185752284229
0.0925664326303608
0.093992348480923
0.0926738432043111
0.0904654494187954
0.0910557757742197
0.0914256675648134
0.0917822814653609
0.0910928027358931
0.0930495103373232
0.0918609772527074
0.0928164455843999
0.0907223172185087
0.0923886384441335
0.0911838588355182
0.0928607052178869
0.0914258834654645
0.0930843885956105
0.090590186020001
0.0923327201754841
0.0937588388336518
0.0892769703093425
0.0923661847764133
0.0925404166018965
0.0909224571221307
0.091627426723319
0.0920555037393993
0.0910928027358931
0.0908926088571083
0.0889207342349344
0.0898973068552775
0.0902830133685683
0.0938898424933338
0.0934227485880097
0.0913802614675433
0.0904739235193533
0.0906225711176745
0.0912881928251896
0.0896840509870978
0.0927072538300776
0.0903868615817745
0.0931174650672746
0.0936195226220164
0.0925313487745479
0.0922239062473012
0.0933397347876401
0.0895678552536408
0.0915068712048578
0.0935382014612156
0.0911315326402608
0.0925990219257052
0.0915413363386704
0.0933545779574071
0.093557794445308
0.090677463858231
0.0921719281655353
0.0907792610152512
0.0887967532860079
0.0920034177073078
0.0890325167970707
0.0922991476242292
0.092193248354837
0.0899348490246246
0.0905325945213051
0.0919791288840527
0.0906508001278132
0.0902309813116396
0.0904642058165548
0.0916297476553189
0.0915848403198784
0.0924642036720383
0.092212193636976
0.0925404166018965
0.0928344193136087
0.0916246739900168
0.0913885866279773
0.092904209199095
0.0937851918061385
0.0934695188435837
0.0931316065599254
0.0930995453132287
0.0888828436706565
0.0907618810128331
0.0922052308409762
0.0913054648772821
0.0925472174724079
0.0930675380416947
0.0930459479765791
0.0951577801958651
0.0910593921101266
0.0929849020674646
0.0929845242413251
0.0913174473634212
0.091075152857661
0.0927312727775187
0.0903534509560081
0.0931290697272743
0.091658138590946
0.0933541461561048
0.0916938161735496
0.0924368382645042
0.092482447277061
0.0933307209354543
0.0922011287286042
0.09164815318583
0.094003089538318
0.0938428279949477
0.0929794505760229
0.0910393673247318
0.0949208832063838
0.0881908281085376
0.0937609029828834
0.0911126116206366
0.0923960870165984
0.0925716142459886
0.0907618810128331
0.091924290118659
0.0933882584589875
0.0916663428156899
0.0917475754356875
0.090715084546695
0.0932733453374095
0.093355387584849
0.092592232758174
0.090954356443339
0.0925472714475707
0.0922976363196711
0.0946018899943002
0.0943275342418433
0.0912070681555176
0.091372286128815
0.09236650862739
0.0904649096671676
0.092180456241256
0.0925472174724079
0.0885447972261084
0.0911888245504948
0.0906299117398138
0.093228670747374
0.0908427358066912
0.0920580043397999
0.0910239304281742
0.0912920790369104
0.0936885222895832
0.0889923053007928
0.0910082236558026
0.0933746027428019
0.0932574226643868
0.0913139929530027
0.0925834763740001
0.0901093752698758
0.0937406083216747
0.0917612311518732
0.0906713646648358
0.0936498220978634
0.0927481130283089
0.0929324416232147
0.0903797908354492
0.0923174452044147
0.0931601594210408
0.0923842124807848
0.0913061125792355
0.0892217537178092
0.089369483738363
0.0906781115601845
0.0930348290930445
0.0910936663384977
0.0913500483617459
0.0936302830889338
0.0894857013310879
0.0896747132839353
0.0927034215935195
0.0947937716980154
0.0920767345705002
0.093159079917785
0.092400297079296
0.0916227848593191
0.0895319489783581
0.0934106041763822
0.091041634281569
0.0917261472960602
0.0908034958633435
0.0920345613762371
0.0905356711055841
0.0921281003333506
0.0927995513584469
0.0919575927940999
0.0884181714942052
0.0899687699708102
0.0926450204673817
0.0925392291483151
0.0920295416860977
0.0920401208180044
0.0918114820284298
0.0905330802977702
0.0921272576135419
0.0923376858904606
0.0943308807019362
0.0920998173480491
0.090197624661036
0.0925404022411504
0.0936034034578648
0.0917434193481527
0.0890721345665579
0.0933372519301518
0.0921004847189386
0.0925834763740001
0.0925922867333368
0.090533889925212
0.0928596257146312
0.0910254957078951
0.0897401851563984
0.0922171053767898
0.0934914049950775
0.0921264810784669
0.0918384696098243
0.0938324200735789
0.0906094011779539
0.0913990038343956
0.0932100324714579
0.0935984377428882
0.0914748389381142
0.0933835086446621
0.0907828773511581
0.092690251653799
0.0912779738964278
0.0929422616888613
0.0904818578682833
0.0912066154958923
0.0942600652883569
0.0913780074960706
0.0912190506416567
0.0900279807243899
0.0909409166278046
0.089030627666373
0.0901255138435497
0.0914806682556955
0.0935201197816813
0.0927470875002159
0.092904209199095
0.091991121103739
0.0931239960619721
0.0937353187557214
0.0907701931879027
0.0920397429918649
0.0901879631068967
0.091744390901083
0.0899289902758347
0.0919880347859129
0.0902554220509333
0.0908608174862255
0.0930269487192773
0.0939879764927371
0.0901715546574089
0.0921391326877611
0.0933683955990811
0.0926072378534294
0.09175923407085
0.0914786711746723
0.0919344374492633
0.0916153362868542
0.0928353368913761
0.0912336779107726
0.0920811419417241
0.0949792843325215
0.0897794250997461
0.0912288201461216
0.0928841844137002
0.0925492145534311
0.0917099547472235
0.0929120355976994
0.0931643694837384
0.0929419378378845
0.0924002431041332
0.0927584762595644
0.0924701949151079
0.0916771378482478
0.092666448607009
0.092869395219096
0.090825139903622
0.0940532864397119
0.089253545088692
0.0924513036081317
0.0903117821303349
0.0910054949207069
0.0948698766775481
0.0932997391920134
0.0932638457087587
0.0889312054165155
0.0901876801502737
0.0933687194500579
0.0926809679257993
0.0916948429791323
0.0898725322555573
0.0906766002556264
0.0899295840026254
0.0917283063025718
0.0916118818764357
0.0934529207040088
0.0917367264279669
0.0930201478487659
0.0929215352263502
0.0930348830682073
0.0906213902473254
0.0929886803288599
0.0917496804670363
0.0927512975629134
0.0921070219308474
0.091448283158022
0.0875791581651931
0.0916769763901933
0.0930049808280222
0.0894125019431059
0.0910711586956146
0.0948406761144792
0.0911052709984973
0.0898500246126742
0.0917037476035028
0.0876489174741351
0.091738237732525
0.092374712852134
0.0923546880667392
0.0927450904191927
0.091000937008826
0.0938109379587889
0.090564601792839
0.0918990297424737
0.0923886924192963
0.0930847561186244
0.0910711586956146
0.0936936499300482
0.09316420755825
0.0947146441093666
0.0915522881108916
0.0915778235487158
0.0903271650517298
0.0918776016028464
0.0916985120127122
0.0918047351330812
0.0915265471440662
0.0903909636941465
0.0917460641311294
0.0926537275530564
0.0929495483358378
0.092374712852134
0.0934422336217766
0.0897970749779781
0.0914150344577439
0.0912561855536556
0.0910807662745911
0.0929151661571411
0.0919755125481458
0.090131343161131
0.0929632040520234
0.0906713646648358
0.0910766101870563
0.0928084032851443
0.0897547044751887
0.0918871012314973
0.0935070332825944
0.0908736635749693
0.0926482495061049
0.0931599572497328
0.0911598398880771
0.0904275588545175
0.0927149183031936
0.0927288920555753
0.0919163017945662
0.0938575185242759
0.0924249981107836
0.0903534509560081
0.0916984580375494
0.0916557092118189
0.0926890102250548
0.0937698628599064
0.092540524552222
0.0932375598044804
0.0931707385529475
0.0928783020802971
0.0892371344366357
0.0951957247353058
0.0912934284159801
0.090767548404926
0.091543225469368
0.0909845285593381
0.0923327201754841
0.0923169054527868
0.0914660949617424
0.0905716725391644
0.092741420108123
0.0915350212446241
0.0935230646327903
0.0937149161441871
0.0903672636590342
0.0936416178731195
0.0889729282173515
0.0906345536038137
0.0895746973072871
0.0897575865530978
0.0938059722438123
0.0932401506122943
0.0928406804324922
0.0911773818159836
0.0920852980292589
0.0929821493341624
0.0896737957061678
0.0931829369397378
0.0920636539889804
0.0920548560374458
0.0915277885728103
0.0950589516727983
0.0911819697048206
0.0896049773736118
0.0925329680294316
0.0930289997754633
0.0921370062352108
0.0933255393198266
0.0930622484757414
0.092698941655008
0.0916938161735496
0.0930510756170441
0.0908123477900409
0.092178644298345
0.0917733755635007
0.0919361106793098
0.0918919589961483
0.0936804260151649
0.0884581670898319
0.0914161679361625
0.091288084874864
0.0928067300550978
0.0927264630631214
0.0924408864017134
0.0907470378430661
0.0934015903241964
0.0925575267285006
0.0899862579235539
0.094232160129195
0.0936254792994456
0.0928494783840268
0.0936247776223293
0.0940750924054787
0.0931139027065306
0.0919518174516814
0.091496914779695
0.0908275148107847
0.0904698753821442
0.0931001610764919
0.089909749435934
0.0929415060365822
0.0894855393982576
0.093068239718811
0.0932817114876418
0.0920843264763287
0.0934515173497763
0.0937478409934884
0.0938002508765566
0.0911854780904019
0.092348588873344
0.0925183947354785
0.0941752703076152
0.0925972524483134
0.0929089050382576
0.0911160120558924
0.092914680380676
0.0915029599979273
0.0914365705476968
0.0918381997340104
0.0909721142718966
0.091252245366772
0.0947302969065755
0.0936060482408415
0.0901546064562931
0.0912901899062128
0.0919801544121457
0.0916314732648897
0.0924187026098071
0.0936917068241878
0.0906575470231618
0.0929366482719312
0.0940347729588752
0.0876907288400577
0.094364723129005
0.0897115783201202
0.0933051906834551
0.0931823432129471
0.0926194362402197
0.0916462640551324
0.0907264193308807
0.0909562995491994
0.0922690294833929
0.0915435493203448
0.0921930324541859
0.090643945282139
0.0934629600842876
0.090812077914227
0.0944125451232361
0.0912415582845398
0.0935209294091231
0.0932164127214463
0.0904360329550754
0.0922170763567272
0.0920089771490751
0.0925585522565936
0.0927555616007738
0.0920327801958651
0.0935652430177729
0.091238697600912
0.0929392428020857
0.092263631967114
0.0925927185346391
0.0927363464428209
0.0924567011244106
0.0900448014163725
0.0931065081092285
0.0908489598514536
0.0930143185311847
0.0921287689866244
0.092937457899373
0.091577873498073
0.0918014966233138
0.0907469298927406
0.0929081516986754
0.0924621886841338
0.0931330099141579
0.0920417570791636
0.0932901316130369
0.0934154079658704
0.0931516986753894
0.0900558858835518
0.0929605592690468
0.0925248717550132
0.0913435566926839
0.0905392334663281
0.0914917792099837
0.0938384018309205
0.094406931706306
0.0891112665595799
0.0911866115688205
0.0899107750105256
0.0912657391574693
0.0896803806760281
0.0927246878076584
0.0912997435100264
0.0935122394079141
0.0919214294350312
0.0912318427552378
0.0920331040468418
0.0930539363006719
0.0912134911998895
0.0900544825293193
0.0915068712048578
0.0919476073889839
0.0928679378897007
0.0917365105273158
0.0907684792348134
0.0895320029535209
0.0931734373110869
0.094113741619976
0.0928651311812356
0.0908302835983634
0.0914229148315111
0.0911981082784946
0.0921385715149317
0.0905815499939548
0.0924718681451543
0.0919780493807969
0.0914845214341859
0.0895180773615213
0.092028149914056
0.0916118818764357
0.0916910094650845
0.088122387602121
0.0911574110057516
0.0924937280860839
0.0917328402162461
0.0919971565884243
0.0907192406342298
0.0922171053767898
0.090659813979999
0.0911151484532877
0.0910719143478937
0.0927417979342626
0.0911119099435204
0.0921264810784669
0.0917514616474083
0.0918741026222323
0.092957158833791
0.0901322607388984
0.0934421796466138
0.0907819597733907
0.0919241281931706
0.0896200364440299
0.0922241187215795
0.0937922625524639
0.0908744732024112
0.0910240383784997
0.0915173173912293
0.0904359789799126
0.0893918294557576
0.0924518778126161
0.0912892183532825
0.0917613022898258
0.0912257975370054
0.0930143185311847
0.0941540040934764
0.0902763204483825
0.0932972563345251
0.0895936965645888
0.0929088510630948
0.0947327797640638
0.0903100009499629
0.0912538998823288
0.0911946538680761
0.0902472818108019
0.0904529811561912
0.0909217014698516
0.0905332961984213
0.0909911675043612
0.0910582046565452
0.0940479428985958
0.0919553798124255
0.0908087854292969
0.0910928027358931
0.0914863896229511
0.089535295438451
0.091153470818868
0.0948889838851754
0.0927632800490526
0.0922140536105623
0.0895151087275679
0.0893893465982693
0.0940078933278063
0.0915290300015545
0.0916211656044355
0.0934126552325682
0.0907549721919961
0.0905300037134912
0.0911405167797986
0.0901034211009273
0.0920779034319568
0.0870379246688474
0.0894594063595696
0.0913828523928275
0.0926741587589468
0.090812077914227
0.0924473448413598
0.0904517937026098
0.0916764905917026
0.09056384614056
0.0893929629341762
0.0898668108883016
0.0922474933934401
0.0909619129661295
0.092028149914056
0.0919908414943779
0.0914229148315111
0.0922976363196711
0.0921398129436758
0.0902268252241049
0.0924513036081317
0.0921868253104651
0.0914644757068587
0.0922317326459057
0.0928223828523067
0.0916766520717826
0.0883892947821131
0.0885666031918752
0.0942582301328221
0.0921188371063683
0.0920428195761438
0.0919282421651499
0.0923532847125067
0.0927246878076584
0.0901912966501495
0.0933284753484255
0.0902926749227076
0.0900482214104358
0.0925393910738035
0.0912954254970033
0.093928118037204
0.0924475253467364
0.0921136889648859
0.0894160702140752
0.0924520052852479
0.0930805460559269
0.0918629743337306
0.091228712195796
0.0931152520856003
0.0898332923122096
0.0898439793944419
0.0911618369691003
0.093954237782168
0.0921956772371625
0.0890604759313954
0.0905938563310707
0.0897588065875607
0.0922666545762302
0.0913054648772821
0.0903034081463009
0.0912283883448193
