"V1"
0.10517206021082
0.103651840626545
0.104345866820367
0.104498487821621
0.104557852426069
0.10372518289695
0.104790237868573
0.103991082357055
0.102701535777971
0.103227275769095
0.104352666765967
0.10435369215459
0.103907917943006
0.103264067890281
0.104739670019148
0.103612120309387
0.102687921353772
0.104855700836933
0.104016825008257
0.104654400860031
0.104546627119047
0.104686457746433
0.103411899688929
0.104150341400443
0.104409386947127
0.10428142924063
0.104428437588372
0.103723132119705
0.104720673345724
0.105336554132964
0.103634840762544
0.10466357538981
0.104656775444209
0.104462221445086
0.10473195262057
0.104149801722221
0.104467726162953
0.104852246896311
0.104913176567603
0.103570133343695
0.105769591938503
0.103466137350266
0.103831931249312
0.103509203672402
0.10267890872746
0.105312376548607
0.104507338544466
0.103871381727359
0.103404452129462
0.103840943875624
0.103610069532142
0.104243921604183
0.104054386612526
0.103914178210384
0.105557822204089
0.103932689173407
0.10380036007331
0.103824645593311
0.103339366935858
0.105322522499185
0.103786274471709
0.104811555158352
0.104761257148038
0.10513617160904
0.105103521076593
0.103959996891453
0.104107922692174
0.105311027353051
0.104476414982331
0.10481635829453
0.104594874352116
0.104605344109628
0.104676743538433
0.103024518660994
0.103962641314742
0.104002955277945
0.103947530324519
0.10384256291029
0.103705376706193
0.10302176630206
0.105511355909153
0.104889376758002
0.104507986158333
0.103598520418186
0.102853656535827
0.103473423006267
0.103035150321972
0.103728636837572
0.104807507571685
0.10534081759092
0.104562439690959
0.103819896424956
0.10428288637183
0.104150449336088
0.104222874153515
0.104963636481384
0.104139385932532
0.10348513402369
0.104881011745557
0.104268045220718
0.103921895608962
0.103709370325037
0.103957190564698
0.104006571122034
0.104947931845117
0.103787461763798
0.103316808386168
0.104436154986951
0.103733709812861
0.103400728349729
0.104214671044536
0.103552809672761
0.104233505814493
0.104700597315856
0.104360276228901
0.103529063830981
0.104422986838328
0.104196214049335
0.104294759292719
0.103221015501717
0.105289332288516
0.10301642348766
0.10460734091905
0.103618920254987
0.106011907460296
0.103618218673298
0.104432647078506
0.104156979442577
0.10413280185822
0.103858429450025
0.104442415254329
0.103159114409624
0.103982015762922
0.104779444304128
0.1027812317184
0.103381623740661
0.103934146304607
0.104974591949296
0.105381671232344
0.103863232586203
0.105251500845136
0.104178188796712
0.103960770090972
0.103750925548151
0.105677468865963
0.10547589904995
0.104868922953378
0.104360060357612
0.104800060012218
0.104145970006843
0.103872515051626
0.105326570085852
0.103520321043781
0.103938301826919
0.103114698891933
0.104477926081353
0.105024296313566
0.104081046716706
0.104506744898422
0.10481635829453
0.10324168517763
0.10484593266111
0.103502943405024
0.10358599988343
0.10456805234447
0.103489343513823
0.103334401896213
0.103545739888049
0.104795148940396
0.104709232167412
0.103511632224403
0.104403180647571
0.105240329505935
0.103622158324321
0.105214802726023
0.10297594762099
0.10436243494179
0.104971030073029
0.102847612139738
0.105040483207565
0.104223683670848
0.104271337257873
0.104107113174841
0.104693527531145
0.104689911687056
0.105057810331168
0.10414516048951
0.105116689225216
0.104942966805472
0.105144374718018
0.103984282411455
0.104005437797767
0.103633005856588
0.102221315562809
0.104674584825544
0.104037062941592
0.104955919082806
0.105240005699002
0.104304689372009
0.104336152612366
0.103365919104393
0.105081016494725
0.104843773948221
0.104300965592275
0.104454989756907
0.10472493680368
0.106222813709554
0.104750463583593
0.104112725828352
0.104167395232267
0.105792096520371
0.105100876653304
0.10457145231727
0.105036223202278
0.104599353681361
0.103440664538176
0.103423718641997
0.10358745701463
0.104275438812363
0.104821539205464
0.106706149525407
0.104192274398313
0.104164427002044
0.104566433309803
0.105491495750574
0.10402513605288
0.104377006253791
0.104743447766704
0.105171196725664
0.103753192196685
0.104622343973629
0.105448321492793
0.104347539822856
0.105275462558204
0.105863549916997
0.102969363546679
0.104273064228185
0.104852138960666
0.104487046643309
0.104206953645958
0.103816172645222
0.105629113697249
0.105489013230751
0.104342035104989
0.103727827320239
0.103386966555061
0.103703002122015
0.103313300477723
0.105438607284793
0.104847497727955
0.104062805592793
0.103954600109231
0.104485643479932
0.103067477047485
0.103543041496938
0.104954246080317
0.104413056759038
0.102835631283204
0.104960290476406
0.10435757783779
0.105193917178821
0.104850573893822
0.103787731602909
0.104615597995851
0.103836518514201
0.104637239092563
0.10318906655096
0.104865630916223
0.105689557658142
0.10455223026739
0.104010456805234
0.103727449545483
0.104230807423382
0.1036420184829
0.105214910661667
0.104710527395146
0.103760855627441
0.104620940810251
0.10450064653451
0.103472937295867
0.105124028849039
0.104236312141249
0.103009677509882
0.104554938163669
0.103433702689109
0.103990272839722
0.104213861527203
0.103237514518002
0.103347947819592
0.103143031998601
0.105477572052439
0.103561066749561
0.10501614717241
0.104937516055427
0.103255015229719
0.102749336735465
0.105018737627877
0.103924809871362
0.104404961585704
0.104701838575768
0.104309978218587
0.104052443770926
0.103894911697849
0.104703508931
0.103772512677041
0.103553835061383
0.104113211538752
0.10406296749626
0.105206329777933
0.104004628280434
0.104450834234596
0.104050824736259
0.10413620183102
0.104938811283161
0.104507014737533
0.104325628887032
0.104597464807583
0.104505719509799
0.104769136450083
0.102659426343637
0.103791023640065
0.104541554143757
0.103892159338916
0.103920114670829
0.104857535742889
0.104280295916363
0.105739639797167
0.104297349748186
0.103033909062061
0.103140279639668
0.104659635738787
0.104523043180734
0.103870248403092
0.102778911102045
0.104868815017734
0.104527846316912
0.104502211601355
0.10432946060241
0.10452827805949
0.104493306910688
0.105549619095111
0.103491340323246
0.103931393945674
0.10389879738105
0.105390252116078
0.103227815447318
0.104883979975779
0.103819842457133
0.104484240316554
0.104070576959194
0.103276332519499
0.104629899468741
0.105150634985396
0.103360684225637
0.104145970006843
0.104510684549444
0.103572777766984
0.103449839067954
0.103795718840598
0.103155066822957
0.10348659115489
0.10525376749367
0.103772512677041
0.104368101563124
0.103463762766088
0.10428628634463
0.10579182668126
0.103547143051427
0.103933660594207
0.103324201977813
0.104676473699322
0.103837597870646
0.104457904019308
0.104914094020581
0.106010666200385
0.104243280936621
0.104622451909274
0.104883602201024
0.105140812841751
0.104974591949296
0.10324217088803
0.103711043327526
0.103596847415697
0.105588367991469
0.103897718024605
0.104949982622361
0.103950444586919
0.104538747817002
0.10351060683578
0.104586887114427
0.104678470508744
0.104139170061243
0.105241516798024
0.104400158449526
0.104046831117415
0.105453286532438
0.105094454482459
0.104736593853281
0.10534227472212
0.104001228307634
0.105024632030707
0.103853410442558
0.105903216266333
0.104509605193
0.103629012237743
0.103374284116838
0.103972733297499
0.10275381606471
0.10363160269321
0.104525471732734
0.102728828963019
0.105040864434989
0.103837274063712
0.104690181526167
0.103882391163093
0.103759236592774
0.103107413235932
0.105489876715907
0.103923622579273
0.103326954336746
0.105381185521944
0.103057708871662
0.104398053704459
0.105443302485326
0.104602052072472
0.103514168712047
0.104111916311019
0.10300697911877
0.104883979975779
0.104749923905371
0.10413425898942
0.104635674025719
0.103937654213052
0.103964800027632
0.103978723725766
0.103686919710992
0.103754325520951
0.102876323021162
0.105197964765488
0.104706641711946
0.104667838847765
0.104856456386444
0.102809025146846
0.104567350762781
0.103374715859416
0.103519457558625
0.102907948164986
0.104892398956046
0.103398029958617
0.104049745379815
0.104989217229119
0.104877018126712
0.104974969724052
0.104314997226054
0.105491495750574
0.103760963563085
0.10395141600772
0.103381030094616
0.103604888621208
0.103156523954158
0.103660583413745
0.103712446490904
0.105205196453666
0.103822486880422
0.104203445737513
0.105530082743465
0.104556557198336
0.103376388861905
0.105627764501694
0.105602669464359
0.104316238485965
0.103541044687516
0.103702732282904
0.103854112024247
0.104538693849179
0.10378460146922
0.103511524288758
0.103625234490188
0.104262216695917
0.104834383547154
0.102910052910053
0.104364215879924
0.103770569835441
0.106031983490164
0.105024943927433
0.104462599219841
0.104787269638351
0.10444219938304
0.103408499716129
0.102547335176874
0.105457981732972
0.103496683137646
0.103630037626366
0.103639158188322
0.103293926029544
0.104418507509083
0.103905543358828
0.104667569008654
0.104767247576305
0.104368317434413
0.105244161221313
0.103980450696077
0.104609931374517
0.104873887993023
0.104461951605974
0.104459253214863
0.104592823574872
0.10541453763608
0.105292624325672
0.10369949421357
0.103878667383359
0.105645411979561
0.105607526568359
0.104228055064448
0.103841051811268
0.104208680616269
0.104479329244731
0.104663305550698
0.103437966147064
0.105831762869707
0.104168798395645
0.104486129190332
0.104989541036053
0.102239988429299
0.104161134964889
0.103595929962719
0.104177811021956
0.103551838251961
0.105214370983445
0.103120365513266
0.103330516213013
0.102853623995613
0.10285106608036
0.105138654128862
0.104634432765808
0.104758342885638
0.106357409458185
0.104138792286487
0.102834282087648
0.103465435768577
0.103749954127351
0.103620276093753
0.103497438687157
0.104109487759019
0.102481872208514
0.105069089606013
0.105593926677158
0.104347809661967
0.10446524364313
0.105876718065621
0.103529063830981
0.104960290476406
0.104835732742709
0.104690235493989
0.104387691882592
0.103871003952603
0.104069713474038
0.104028913800436
0.104574420547493
0.103357230285015
0.105087168826459
0.104575985614337
0.104071062669594
0.102321857615615
0.105010858325832
0.104513328972733
0.103806890179799
0.104635566090074
0.104540798594246
0.10258457297421
0.103111784629532
0.103589022081474
0.103833604251801
0.104429247105706
0.106491843303349
0.103396356956128
0.104117798803641
0.104312190899298
0.103456315206621
0.104409926625349
0.104097992612884
0.105280319662205
0.105287281511272
0.102438536047267
0.104078510229061
0.103465219897288
0.103878343576426
0.102964452474856
0.103534244741915
0.104903246488314
0.1041696618808
0.104459091311396
0.104904271876936
0.103806350501577
0.105149933403707
0.103951685846831
0.104955001629828
0.104998607630187
0.104938217637116
0.103886168910649
0.104900220484548
0.102795209384357
0.103869276982292
0.103883686390826
0.103219504402695
0.104036955005947
0.102708914836618
0.103393388725906
0.104865199173645
0.104863310299867
0.105677738705074
0.104786190281906
0.102749984349332
0.104544954116558
0.103862531004514
0.104223845574315
0.104474849915486
0.104328435213788
0.103104660876999
0.10404429462977
0.104076945162216
0.104977182404763
0.105238386664335
0.104646899332742
0.104471989620908
0.104565785695937
0.102548090726385
0.104853542124044
0.104714251174879
0.104862770621645
0.10439832354357
0.104546033473002
0.103865714501625
0.104974430045829
0.103844829558824
0.103757725493752
0.10438520936277
0.104624664589985
0.104872970540045
0.105362836462388
0.103875483281848
0.103936412953141
0.103824807496778
0.104332374864811
0.103884819715093
0.103927076519896
0.103812448865488
0.103900146576605
0.10409448470444
0.104860773812222
0.104615651963673
0.102583331714299
0.104769352321372
0.105094886225037
0.104458119890596
0.10409205615244
0.103486483219245
0.104535671651135
0.103334013358721
0.104271607096984
0.103269802413009
0.102933798751832
0.1041657761976
0.103618110737654
0.104003602891812
0.104727473291325
0.104718082890258
0.104244785089338
0.104431189947306
0.105836566005885
0.104639559708919
0.105215018597312
0.102983395180458
0.104009431416612
0.104018821817679
0.104273172163829
0.104643877134697
0.102854897795738
0.104318073391921
0.102774701611911
0.10351206396698
0.102999747430592
0.10509035292797
0.103654700921123
0.10546229915875
0.103612282212853
0.104028913800436
0.103783198305842
0.10443275501415
0.104440796219662
0.103391877626884
0.102708914836618
0.103465435768577
0.105752538106679
0.103338017740303
0.105087114858637
0.103984660186211
0.105082851400681
0.104031612191547
0.104060862751193
0.106374193450897
0.104869894374178
0.105121168554461
0.104889962878263
0.102951392261878
0.103577580903162
0.103821353556156
0.105814007456194
0.104287581572363
0.105467965780083
0.104661524612565
0.105034927974544
0.10412843046462
0.10435029218179
0.10386436591047
0.104802164757285
0.103595822027075
0.104967306293296
0.103616005992587
0.104766977737194
0.103619621836676
0.103894533923094
0.103536025680049
0.104985547417208
0.104773615779328
0.10418784903689
0.104393088664814
0.104922513000848
0.104910478176492
0.103420210733552
0.103581844361118
0.104717057501635
0.103806620340688
0.104286718087208
0.104137928801331
0.103707373515615
0.104804377437996
0.10432751776081
0.104020440852346
0.103998260077411
0.103434134431686
0.103517784556136
0.103741103404506
0.104930284367249
0.104486668868554
0.103738728820328
0.104608690114606
0.104298051329875
0.105241840604958
0.10466746107301
0.103665764324679
0.103503537051069
0.103615898056943
0.104779930014528
0.103610339371253
0.105472175270217
0.102457802559802
0.105488635455996
0.10579522665406
0.106365558599341
0.103415893307774
0.104757155593549
0.10376592860273
0.103476283300845
0.104563249208292
0.103948447777497
0.102424018703088
0.104239927985338
0.103940892282386
0.104397298154948
0.104894449733291
0.10411558612293
0.104379057031036
0.104894935443691
0.105498511567463
0.104087576823195
0.104905297265558
0.102830990050492
0.105901813102955
0.104286232376808
0.104247213641338
0.104022275758302
0.103646012101744
0.104659257964032
0.104158220702488
0.104529843126334
0.10591767964269
0.104680359382522
0.105412810665769
0.104419317026416
0.104051904092704
0.105182853775265
0.104060161169504
0.103500137078268
0.104279648302496
0.10345847391951
0.104314241676543
0.105193107661488
0.104177055472445
0.104865091238
0.10429864497592
0.104682841902344
0.10292430041512
0.105331589093319
0.103831229667623
0.10460588378785
0.106197232961819
0.103890162529493
0.105683891036808
0.104779768111061
0.103671376978191
0.104796983846351
0.103063051686063
0.104145214457332
0.104689803751411
0.104231131230315
0.103167371486425
0.1036497898493
0.103524098791337
0.103661015156323
0.104359790518501
0.104456824662863
0.104102903684707
0.103180971377626
0.104775558620928
0.105192460047621
0.102838491577782
0.103620215482721
0.10435514928579
0.104152338209866
0.104595521965983
0.102547443112519
0.104023409082569
0.104728552647769
0.105098016358726
0.104185096677957
0.103671323010368
0.104842586656132
0.103208063224383
0.103987088738211
0.104208410777158
0.103758319139796
0.104959912701651
0.104905998847247
0.104655048473898
0.102720086175819
0.10396258734692
0.104484240316554
0.105049229447434
0.105109133730105
0.105968949073804
0.103650869205745
0.105006055189654
0.104234315331827
0.105250691327803
0.107012255013071
0.10333699235168
0.104214671044536
0.104509551225177
0.104358387355123
0.103531654286448
0.10373489710495
0.104021466240968
0.104363730169524
0.104043700983725
0.10517400305242
0.103420372637019
0.10314227644909
0.103922543222829
0.104315321032987
0.103987520480789
0.104878583193557
0.10525571033527
0.103494200617824
0.103333484443236
0.103325551173368
0.104489852970065
0.104041542270836
0.104628496305363
0.104803352049374
0.104572963416293
0.103570834925384
0.104858075421111
0.103241793113274
0.105030124838366
0.104598274324917
0.103074654767841
0.105391871150745
0.105426464524792
0.105280319662205
0.104257791334495
0.103440070892131
0.103657075505301
0.105060023011879
0.105048851672679
0.103830312214645
0.104381863357792
0.10389323869536
0.104381053840458
0.104693365627678
0.103866362719892
0.103229002739407
0.104400860031215
0.103949635069586
0.103316052836657
0.104182182415557
0.104943560451516
0.104568969797448
0.104254337393872
0.104573880869271
0.104518563851489
0.103380274545105
0.10397737453021
0.105803537698683
0.10477124119515
0.104196591824091
0.103780877689486
0.104658070671943
0.10462865820883
0.103528200345826
0.103395709342262
0.104654670699142
0.104260219886495
0.103085610235753
0.104914094020581
0.103151397011046
0.104827529633731
0.10301642348766
0.102897802214408
0.103913152821762
0.104129725692353
0.102883338838051
0.104676419731499
0.10461047105274
0.104012129807723
0.104072034090394
0.104535239908557
0.102569893726564
0.103128406718778
0.1053767061927
0.103551676348494
0.105184688681221
0.104154227083644
0.10307147066633
0.103820598006645
0.103949311262653
0.104047100956526
0.104304527468542
0.105120197133661
0.103664199257835
0.103602298165742
0.105236173983624
0.104502697311755
0.103738890723795
0.102351431982195
0.103460524696755
0.104445329516729
0.105719132024722
0.103498787882713
0.1036420184829
0.103968901582121
0.104604883894161
0.105119657455439
0.105586371182046
0.103107035461177
0.104795202908218
0.103461334214088
0.105288954513761
0.105243189800513
0.104172144400623
0.104222496378759
0.106098417879324
0.104512465487578
0.105436502539726
0.104360060357612
0.103676665824769
0.103873000762026
0.104209544101425
0.104565677760292
0.10554427628071
0.105307087702029
0.102660343796615
0.103864797653047
0.103333430475413
0.103619190094098
0.103944076383897
0.104351155666945
0.103912990918295
0.104052389803104
0.10255839858043
0.104711067073368
0.104856510354266
0.10470529251639
0.102874865889962
0.103324525784746
0.104539449398691
0.103998260077411
0.104426278875483
0.103758588978907
0.104754187363326
