"V1"
0.115625951182867
0.115131767834746
0.114995175276693
0.115021079831361
0.114779735730368
0.114197530864198
0.115535231273705
0.115330153549248
0.115301874410402
0.114439414643413
0.114731542465121
0.115430965441165
0.114762951737656
0.113949926495826
0.115314179073869
0.11484573837695
0.115690604633893
0.114758418440589
0.115593624457354
0.115021079831361
0.114698676061385
0.116162013561034
0.115562592959574
0.115691683990338
0.116314958369222
0.114161102584195
0.115673334930781
0.115424597238143
0.115204516459106
0.115369873866406
0.115554659689707
0.115217090961685
0.114060776402678
0.116272701564419
0.116295529953221
0.115391137188363
0.115615697296644
0.114657984323427
0.115782727706432
0.115342728051826
0.115314988591202
0.114982924581048
0.115503066451659
0.114870023896952
0.115380775366495
0.115440139970944
0.115182875362394
0.114321818758783
0.116466338110565
0.116065519094895
0.115823041669635
0.114383018269187
0.115523088513705
0.114637530518803
0.115776683310343
0.114798732403792
0.115586446736998
0.114332774226695
0.114391976927677
0.115182875362394
0.114853347839884
0.115567935773974
0.11503996856914
0.11521552589484
0.115722607552473
0.115109101349411
0.116065842901828
0.11564689069789
0.114441141613724
0.116096334721386
0.115561405667485
0.115294372883112
0.114607902184402
0.11499026420487
0.115693734767582
0.113933466310047
0.115474787312813
0.115549802585706
0.115775496018254
0.115028905165584
0.114291003132292
0.115321680601158
0.114649997085738
0.116376319783093
0.115958015193021
0.114524144124307
0.114575089748488
0.115350013707827
0.115636474908201
0.115230367045953
0.115208833884884
0.115732213824829
0.115496320473881
0.115869022254171
0.114999978412871
0.115321680601158
0.115853317617904
0.115321680601158
0.116273241242641
0.114342542402518
0.115267119132888
0.115431235280276
0.114866893763263
0.114938185256423
0.114815516396504
0.114676873061206
0.115180176971283
0.114621879850358
0.114652911348138
0.114670235019072
0.115779165830165
0.114753993079166
0.115148281988347
0.115190107050572
0.114552693102265
0.11628824429722
0.115720232968295
0.115288544358312
0.114535531334797
0.115903885467329
0.115199173644706
0.115789365748566
0.114940074130201
0.115165821530571
0.114787561064591
0.11546113345379
0.115036514628518
0.114136709128549
0.114766297742634
0.114908448986376
0.114794684817125
0.115638903460201
0.115853749360481
0.115289677682579
0.114605311728935
0.114439414643413
0.115024479804162
0.114787561064591
0.114968245333402
0.115238516187109
0.115146932792792
0.116231578083883
0.114598457815512
0.114732513885921
0.115349042287027
0.115036028918118
0.116452846155009
0.1156189893338
0.115751534305186
0.114817297334637
0.114775796079346
0.115418498874231
0.114803157765214
0.11534693754196
0.114878388909397
0.11409477613068
0.115273757175022
0.114868944540507
0.114515401337107
0.115929520182886
0.114878280973752
0.115208671981418
0.115762111998342
0.115457139834945
0.115501933127392
0.115664915950514
0.115273757175022
0.115042073314207
0.115369873866406
0.114937267803445
0.115789203845099
0.114875474646996
0.115309969583735
0.115199983162039
0.114325326667228
0.115163069171637
0.115024479804162
0.11445533515097
0.114705314103519
0.115660274717802
0.115139269362036
0.115261020768977
0.115614510004555
0.115446993884366
0.115937669324042
0.115288544358312
0.114122353687837
0.116036484406537
0.114754370853922
0.11582800670928
0.113953812179026
0.115220382998841
0.114847573282906
0.114584480149556
0.115160046973592
0.115895034744484
0.114447455848925
0.114542061441286
0.115380019816984
0.114571204065288
0.11589179667515
0.114882328560419
0.115585205477086
0.115033330527007
0.113725582258834
0.115617586170422
0.115468958788012
0.115182713458927
0.115737232832296
0.114687288850896
0.115058047789586
0.115494863342681
0.114488687265105
0.114790313423524
0.114703425229741
0.115084384086832
0.115176830966305
0.115151034347281
0.11431809497905
0.115336791591382
0.115833457459324
0.115208671981418
0.11455960098351
0.115232903533597
0.116280850705575
0.115130634510479
0.115547050226773
0.115292052266756
0.115893847452395
0.114996416536604
0.114710333110986
0.115974799185734
0.116408916347717
0.115082603148699
0.114634346417292
0.115508301330415
0.11444103367808
0.115642573272112
0.115793467303055
0.114571204065288
0.115150494669059
0.116197470420237
0.115012498947627
0.11536998180205
0.114878388909397
0.115610408450066
0.116300872767621
0.11655932466826
0.114898896681842
0.116334710592157
0.11586778099426
0.115309969583735
0.115074561943187
0.115284658675112
0.115486498330236
0.114508601391506
0.116408916347717
0.114338980526251
0.115558437437262
0.115619313140733
0.114976232571092
0.115127180569857
0.114637962261381
0.114816973527704
0.115488872914414
0.115032359106207
0.115895844261817
0.114287009513448
0.114337307523762
0.115651154155846
0.115384175339296
0.114036868657432
0.114033468684631
0.114453878019769
0.114770291361479
0.114375948484476
0.115089079287366
0.115505926746237
0.115793683174344
0.115116279069767
0.115793035560477
0.11491362989731
0.115137218584791
0.116114413941831
0.116011119530091
0.11546841910979
0.114599645107601
0.115267119132888
0.114347885216918
0.114580756369822
0.113785270670216
0.115210291016085
0.115948247017198
0.115689741148737
0.115347585155827
0.115315204462491
0.114339736075762
0.115599129175221
0.115024479804162
0.114392084863321
0.115686664982871
0.115604741828732
0.114896522097664
0.115228694043464
0.115356112071738
0.113910529985601
0.114748326457833
0.114743307450366
0.116587603807106
0.115846301801014
0.11513743445608
0.114339466236651
0.115380019816984
0.115028905165584
0.114308596642338
0.115991151435868
0.11445533515097
0.115641763754779
0.115993472052224
0.115067492158475
0.115493298275836
0.114444001908302
0.114275244528203
0.114651670088227
0.114781624604146
0.114425436977457
0.114181610356641
0.114855938295351
0.115099495077055
0.11514423440168
0.115082603148699
0.115527136100372
0.114968029462114
0.115381908690762
0.11548660626588
0.115021079831361
0.115166415176615
0.115067869933231
0.114588905510978
0.115849755741637
0.115433232089699
0.115398800619119
0.114877471456419
0.114999654605938
0.115881920563683
0.115284226932534
0.114261482733535
0.115766969102342
0.114379240521631
0.115582129311219
0.1147630596733
0.114254143109712
0.115975176960489
0.114322412404828
0.115941393103776
0.114717510831342
0.11571429650785
0.115948247017198
0.115951107311776
0.114205086359309
0.114752913722722
0.115604741828732
0.113785270670216
0.113809664125862
0.114878388909397
0.115664754047047
0.115031387685406
0.114908826761132
0.114475788955593
0.114639851135159
0.115581265826064
0.115659303297002
0.115630214640823
0.115041587603807
0.115776683310343
0.115815270303234
0.114824205215882
0.114962093001669
0.114735697987432
0.115197446674395
0.114836725750638
0.116273241242641
0.115143856626925
0.115776683310343
0.114920699682022
0.115035219400784
0.115031387685406
0.115554659689707
0.114957289865491
0.115356166039561
0.115747810525452
0.115656712841535
0.115054917655897
0.11672252336267
0.115894549034084
0.115216875090396
0.116012630629114
0.1154516890849
0.114752428012322
0.115074561943187
0.115075479396165
0.114746977262277
0.115503660097703
0.114624470305825
0.114883839659441
0.115660652492558
0.114473360403593
0.114886106307975
0.115978307094178
0.114878496845041
0.114496674502794
0.11490224268682
0.114984273776603
0.115546132773795
0.114571204065288
0.114618641781024
0.114581997629733
0.114236711503133
0.115158373971103
0.115927415437819
0.114982924581048
0.114445566975147
0.114809148193481
0.114420094163056
0.116092610941652
0.115976040445645
0.11484573837695
0.114330075835584
0.114879792072775
0.114845144730906
0.114356304197185
0.115158373971103
0.114865004889485
0.115310023551558
0.11629164427002
0.113965361292983
0.11524850023422
0.115773499208832
0.115325296445247
0.115070730227809
0.11482075127526
0.116321164668778
0.115425838498054
0.115035705111185
0.114990588011804
0.115776683310343
0.115541599476728
0.116255809636063
0.115770638914254
0.115479266642057
0.115768965911765
0.115054917655897
0.115737286800118
0.114747462972677
0.115958015193021
0.115452552570056
0.114403418105988
0.11482026556486
0.114034925815832
0.115449638307655
0.11491362989731
0.114224622710955
0.115907015601018
0.115039320955274
0.115859469949637
0.116038535183782
0.114715298150631
0.114920160003799
0.11468351110334
0.11564689069789
0.114609845026002
0.115474787312813
0.115429670213432
0.115013092593672
0.11530522041538
0.115615697296644
0.114613460870091
0.115459028708723
0.11560177359851
0.115501933127392
0.11445533515097
0.115803991028389
0.114427433786879
0.115989910175957
0.115834536815769
0.114708822011964
0.11568132216847
0.115317794917958
0.116622467020264
0.114868404862285
0.114742174126099
0.115725845621806
0.11521309734284
0.116055912822539
0.114843147921483
0.114288736483759
0.115722607552473
0.114769535811967
0.114377405615676
0.11552249486766
0.115929520182886
0.114688098368229
0.114948978820868
0.115680512651137
0.114779519859079
0.115721582163851
0.115338464593871
0.115370899255028
0.114768240584234
0.114150255051928
0.115308188645602
0.115049574841496
0.115846301801014
0.115828276548391
0.114665377915072
0.116292669658643
0.115968323047066
0.115589145128109
0.116392240290649
0.115807606872478
0.114589984867423
0.11444103367808
0.115031819427984
0.115013740207539
0.115089780869055
0.115660382653447
0.11400286892943
0.114718104477386
0.115637284425534
0.114742012222632
0.115280557120622
0.115149739119547
0.115385038824451
0.1158013466051
0.11390443162169
0.115762111998342
0.11467455244485
0.115165443755815
0.114180423064552
0.115312128296624
0.114861281109751
0.114605311728935
0.114763869190634
0.115422438525254
0.115114552099456
0.113932279017958
0.115599129175221
0.114339790043584
0.115603338665354
0.114371307251764
0.114592197548134
0.11551326637006
0.114726307586365
0.11435884068483
0.115445266914055
0.114341409078251
0.116182089590902
0.114575089748488
0.114762951737656
0.115842200246525
0.113274303329383
0.115406895792453
0.114564242216221
0.114989886430115
0.114530674230797
0.116009662398891
0.114580162723778
0.114612381513646
0.11507100006692
0.114737748764677
0.114297749110071
0.115629405123489
0.115474787312813
0.115480507901969
0.11555644062784
0.11609401410503
0.115438682839744
0.114856262102284
0.115164958045415
0.114989886430115
0.115601072016821
0.115227614687019
0.114963766004158
0.1151088315103
0.115059936663364
0.116223374974905
0.11468351110334
0.115191726085239
0.115108129928611
0.11571429650785
0.114652911348138
0.115013092593672
0.115743007389274
0.114901972847709
0.114897493518465
0.114773097688234
0.115575491269086
0.11594851685631
0.115661138202958
0.114751294688055
0.115275861920089
0.115575491269086
0.115707550530072
0.115615697296644
0.115176938901949
0.115009098974827
0.115271220687377
0.115028905165584
0.115133117030302
0.115398476812185
0.116255809636063
0.115360807272272
0.116096334721386
0.115859362013993
0.115445158978411
0.1156306463834
0.115610570353532
0.1147504312029
0.114624470305825
0.115354331133605
0.115298312534135
0.114581781758444
0.11505912714603
0.11436078352643
0.115457247770589
0.115605767217354
0.115447965305166
0.114575089748488
0.115349042287027
0.115686557047226
0.11526183028631
0.114254143109712
0.114942556650023
0.114605311728935
0.11483602416895
0.115586446736998
0.115164580270659
0.115061231891097
0.115908958442618
0.11564689069789
0.114705476006986
0.114000116570496
0.115321680601158
0.115056536690564
0.115115793359367
0.116041287542716
0.115368254831739
0.115228154365241
0.115100952208255
0.11491314418691
0.115793953013455
0.115326699608625
0.114770723104056
0.11483602416895
0.114736777343876
0.113948469364626
0.115602906922776
0.115384175339296
0.115510675914593
0.115630214640823
0.113639071839806
0.115699617260205
0.115885050697372
0.114905264884865
0.11434113923914
0.114307301414605
0.11549097765948
0.114976340506736
0.115333229715115
0.11494126142229
0.115683372945715
0.11464519394956
0.115518555216638
0.115315474301602
0.115050708165763
0.115277426986933
0.1145797309812
0.114849300253217
0.116046792260583
0.114444487618702
0.114442436841458
0.115008613264427
0.114112261705081
0.115067869933231
0.115068733418387
0.115857041397637
0.115008181521849
0.115761194545364
0.115487847525791
0.115307756903024
0.114859230332507
0.114453716116303
0.115677058710514
0.115812625879945
0.115991151435868
0.114082201628101
0.115361077111383
0.115660868363847
0.114517883856929
0.115062473151008
0.113710579204255
0.115445536753166
0.115370035769873
0.115032143234918
0.115446993884366
0.11529626175689
0.115370899255028
0.115192265763461
0.115644138338957
0.115761356448831
0.115306515643113
0.114687288850896
0.115630214640823
0.115839339951947
0.115318982210047
0.114250797104734
0.114707472816408
0.115815216335412
0.115516342535926
0.115548021647573
0.115001813318827
0.115588173707309
0.114823557602015
0.114639311456937
0.114968029462114
0.114785132512591
0.113858451037154
0.115611595742155
0.115514183823037
0.114881465075264
0.114631162315781
0.115219195706752
0.115070946099098
0.116560080217771
0.114418906870967
0.115503875968992
0.11541142908952
0.114889776119886
0.115982786423423
0.115837127271236
0.114730625012143
0.11490731566211
0.115445536753166
0.116012414757825
0.115158967617148
0.115015737016961
0.116672117416711
0.114488687265105
0.116099410887253
0.115903831499507
0.114424735395768
0.115885050697372
0.114864195372151
0.115022321091273
0.114720802868498
0.114849300253217
0.11499026420487
0.115611056063932
0.115319359984803
0.115075479396165
0.115525085323127
0.114986486457315
0.11520872594924
0.115338464593871
0.114436230541902
0.115558437437262
0.114795170527525
0.114111722026859
0.11619293712317
0.116488680788966
0.115369873866406
0.115509218783393
0.114996362568782
0.114936350350467
0.115230205142486
0.114041563857965
0.115951107311776
0.115051301811808
0.115959472324221
0.114707688687697
0.115033708301762
0.115101815693411
0.115514075887393
0.116607949676085
0.114769535811967
0.115623684534333
0.115869400028927
0.114631755961825
0.115405546596897
0.115259833476888
0.115074454007543
0.115247744684709
0.114402662556477
0.11437362786812
0.114878280973752
0.115295128432623
0.115956558061821
0.114991505464782
0.114418313224923
0.114994797501937
0.114861766820151
0.115197446674395
0.115054917655897
0.116469522212076
0.11459306103329
0.115441435198677
0.116072696815251
0.114613892612669
0.114095477712369
0.115712947312295
0.115197284770928
0.114125645724993
0.114402662556477
0.115340839178048
0.115580294405264
0.114793767364147
0.115307271192624
0.11589228238555
0.115929520182886
0.11513743445608
0.1147504312029
0.114300555436826
0.115315474301602
0.115491517337703
0.115351470839027
0.114905696627443
0.114743685225121
0.115216065573063
0.115437549515477
0.115365772311917
0.115356112071738
0.11490731566211
0.114418906870967
0.115497129991214
0.114743955064233
0.114033468684631
0.115289138004356
0.115544459771306
0.115869022254171
0.115878952333461
0.115021079831361
0.113906644302401
0.115409540215742
0.115514183823037
0.115498263315481
0.114798732403792
0.115757632669097
0.1154516890849
0.114482103190794
0.114993124499448
0.115926174177908
0.11453585514173
0.114861281109751
0.116210908407971
0.114762951737656
0.114308596642338
0.115180716649505
0.11595434538111
0.114898788746198
0.115613862390688
0.114496674502794
0.114711790242186
0.115728705916384
0.115152923221059
0.11503074007154
0.114582699211422
0.114871858802907
0.115341270920626
0.116002754517646
0.115115307648967
0.116385332409404
0.115369873866406
0.11672252336267
0.115615319521888
0.115303331541602
0.115174942092527
0.114720802868498
0.115301172828713
0.115632265418067
0.116197470420237
0.115210291016085
0.114877201617308
0.114374437385453
0.115356813653427
0.115165821530571
0.11474292967561
0.115163069171637
0.115761788191409
0.115240890771287
0.115944793076576
0.115088269770032
0.115176830966305
0.114802672054814
0.114425436977457
0.115615697296644
0.115553958108018
0.115282284090934
0.11577490237221
0.115076019074387
0.115054917655897
0.115109748963278
0.115180446810394
0.114394135640566
0.114980280157759
0.114905696627443
0.115747810525452
0.115301172828713
0.116181927687436
0.115454171604722
0.114287009513448
0.116259101673218
0.115577811885441
0.115594110167754
0.11483602416895
0.114503636351862
0.114166607302062
0.115356166039561
0.114886430611597
0.115604741828732
0.115287788808801
0.113710579204255
0.115361077111383
0.114878388909397
0.116210908407971
0.116049004941294
0.115496212538236
0.114288736483759
0.115918240908041
0.115859901692215
0.11413843609886
0.115825092446879
0.115036676531985
0.114322790179583
0.11556685641753
0.115395238742852
0.115689417341804
0.115804422770967
0.116035944728315
0.115898920427684
0.115665887371314
0.116006154490447
0.114878388909397
0.114902836332865
0.114613460870091
0.114358570845719
0.114557766077554
0.113695090439276
0.115309268002046
0.115462428681523
0.115180446810394
0.114920699682022
0.115445158978411
0.115165227884526
0.115563834219485
0.115651855737535
0.115104729955811
0.114817297334637
0.114195911829531
0.115910361605996
0.115082603148699
0.116075503142007
0.115657360455402
0.11555644062784
0.114029097291031
0.114631162315781
0.115709817178605
0.115581535665175
0.115368254831739
0.115805879902167
0.114920699682022
0.114763869190634
0.115214770345329
0.115430965441165
0.115185249946572
0.115924231336308
0.115069650871364
0.114344809051051
0.116570334103994
0.115862330244215
0.114973534179981
0.115347585155827
0.114374437385453
0.114622257625114
0.114976340506736
0.116124290053299
0.11436078352643
0.115230367045953
0.115356813653427
0.115995846636402
0.115396695874052
0.116299523572065
0.115338248722582
0.115073212747631
0.115842739924747
0.115182659491105
0.115232417823197
0.114753993079166
0.115246881199554
0.114461973193103
0.11400286892943
