"V1"
0.116362504020603
0.120154768920579
0.119276982292078
0.11949064090027
0.1173648483828
0.117116920207495
0.118817014543249
0.119855301475049
0.117900371082746
0.117644131862818
0.117053831823314
0.117724328046645
0.117455352420673
0.119793292447311
0.118661749118705
0.119360092738306
0.117483145849119
0.117411260709914
0.118774110124579
0.119419295439287
0.11747661574263
0.117136132752208
0.117777648255004
0.117843542965942
0.119513091514316
0.119174713268961
0.117739600940335
0.11748584424023
0.118068049106401
0.119789892474511
0.12006361726884
0.118722408950887
0.118177010139474
0.118678317240129
0.118543613555853
0.117807978171095
0.117726756598646
0.117743432655713
0.11622639717295
0.117204240143857
0.119139364345403
0.117932427969148
0.117095764821183
0.117922929632436
0.116935588324817
0.121129589693441
0.118386027514954
0.119888221846606
0.117963189627816
0.117898428241145
0.120341065842902
0.118075712537157
0.118461906273004
0.118053855569155
0.118479175976116
0.118911026489566
0.117274560216217
0.117349467553466
0.118662180861283
0.116312691720688
0.118771033958712
0.116678917362312
0.116542378772081
0.119262680819188
0.117872037976077
0.116827976487299
0.117360530957022
0.119166779999093
0.116162661174901
0.11798995766764
0.117737820002202
0.115282985672623
0.118459855495759
0.11817884504543
0.119727343768551
0.118325799425351
0.118167835609696
0.11897562597277
0.117483145849119
0.119595068636276
0.120709935907814
0.118380738668376
0.118985178277304
0.118196978233698
0.116951616768018
0.115921748816486
0.11737526417249
0.117197386230434
0.119742454758775
0.117728429601135
0.118300002806327
0.118196762362409
0.119034612802463
0.118468490347315
0.119014158997839
0.11872030420582
0.116916645619216
0.118622298640658
0.117196792584389
0.116766507137784
0.117906415478835
0.117886339448967
0.11751444718601
0.121175300438866
0.115639982816645
0.116675949132089
0.117620763795794
0.118509775731318
0.118915289947522
0.118210038446677
0.11884977301134
0.117551577047701
0.116801694157875
0.120751005420528
0.118868877620408
0.117537707317389
0.118092172722936
0.117819041574652
0.117593132270815
0.118300866291482
0.119498088459737
0.117801340128962
0.116639952594665
0.118751767446178
0.117021343194334
0.116344154961046
0.116705523498669
0.117106342514339
0.118847398427162
0.117283626810351
0.117427774863515
0.118270104632814
0.11865845708155
0.120057680808395
0.12047463620291
0.116883941118947
0.117062844449625
0.116256457249929
0.116928680443572
0.116896731492815
0.117906847221413
0.118864182419874
0.118264384043658
0.118894242496854
0.118107877359203
0.116814646435209
0.118167187995829
0.117961516625327
0.118959759433036
0.118042144551732
0.11908232035731
0.118097569505158
0.118586517974523
0.117266087268127
0.117126094737274
0.118088718782313
0.119425879513599
0.117693296548866
0.116438220875185
0.117246335045193
0.118393151267488
0.119050641245664
0.117509751985476
0.119836304801625
0.118650415876038
0.118536327899853
0.117692864806288
0.118245171498945
0.118136264433694
0.119696312270772
0.119719464466506
0.117234408156481
0.11810561071067
0.117688169605754
0.117584497419259
0.118563797521366
0.117673598293753
0.116934185161439
0.12075856091564
0.117986503727018
0.121835920550731
0.118614959016836
0.118133835881694
0.11723948113177
0.118174257780541
0.118611990786613
0.120059947456928
0.119126789842824
0.119287128242657
0.119737597654774
0.119317242287459
0.117155291329098
0.119002879722994
0.11826589514268
0.117765775334115
0.117652550843085
0.116986210142065
0.121375035348924
0.117429124059071
0.116919074171216
0.116104699733831
0.11888274735072
0.118775837094891
0.119468406157513
0.116387922864871
0.119025060497929
0.118060709482578
0.117937015234037
0.118100537735381
0.119768952959487
0.1170137337314
0.117330794686976
0.117989310053774
0.11774505169038
0.117357886533733
0.118127575614316
0.118105340871559
0.117578722862281
0.118725161309821
0.119273852158389
0.119266188727633
0.118035074767021
0.118430712871757
0.120827747663733
0.118381764056999
0.118982533854015
0.117991306863196
0.118219320912099
0.117545370748145
0.118104477386403
0.117449847702806
0.119479469561069
0.118377986309443
0.117324264580487
0.118956521363702
0.116791656142941
0.116640060530309
0.11772492169269
0.117626106610195
0.117459939685562
0.116828354262055
0.118187425929164
0.116793598984541
0.117139047014608
0.117688439444865
0.116231470148239
0.119140173862736
0.118592886177546
0.118453271421448
0.117558269057657
0.117459292071695
0.117653468296063
0.115926336081375
0.11879764009507
0.116744272395027
0.118510747152118
0.117290588659418
0.117341534283599
0.118820360548227
0.117086212516649
0.119874675923228
0.119577906868809
0.117302677451596
0.118006255949952
0.118825649394805
0.118070531626223
0.120402697095884
0.119392257560352
0.118767310178979
0.118129788295027
0.118786037013291
0.116516366281768
0.118340262801707
0.119977268753279
0.118260822167391
0.118355265856286
0.11843853820598
0.117143634279497
0.118476909327583
0.118467195119582
0.117646074704418
0.117217786067235
0.117807006750295
0.118212466998677
0.120327519919523
0.119346438879283
0.118173610166674
0.116707628243736
0.11808790926498
0.117955742068349
0.118344094517085
0.118065026908356
0.118198759171831
0.120289310701387
0.117702525046466
0.117856873018032
0.118027411336265
0.117837066827275
0.118702872599241
0.116662295273066
0.11878042435978
0.117659296820864
0.119632468337079
0.119594259118943
0.118526775595319
0.117680290303709
0.118454458713537
0.118450788901625
0.118282031521526
0.119909269297274
0.120757913301773
0.120479061564333
0.121845472855265
0.116869639646057
0.117528856594544
0.118870064912497
0.11790895196648
0.116953343738329
0.117272023728572
0.12010582010582
0.116060284216139
0.118917016917833
0.117540243805034
0.1157911466867
0.119079298159266
0.118687707641196
0.119003473369038
0.117906847221413
0.117090098199849
0.118676212495062
0.11748438710903
0.116158073910012
0.118675025202973
0.118949991257213
0.11856439116741
0.118814532023426
0.117060847640203
0.117513799572143
0.117948618315815
0.119097161508422
0.11642548446914
0.11765897301393
0.119013079641395
0.119887682168384
0.117901288535723
0.117395556073647
0.119050749181308
0.117644887412329
0.11790895196648
0.117864644384432
0.117354810367866
0.118821008162093
0.117692271160243
0.118606432100924
0.118728723186088
0.116696402936713
0.120631628597765
0.117213360705813
0.119977430656745
0.12062034932292
0.117287998203951
0.117476237967874
0.119033695349485
0.115871828580927
0.120666977521323
0.1189186359525
0.116189321279081
0.117735877160602
0.120826398468177
0.117536250186189
0.118574860924922
0.11915917053616
0.120738161078838
0.116161959593212
0.117801771871539
0.117024743167134
0.118305561492016
0.120668920362923
0.116785773650319
0.118227362117611
0.117800044901228
0.117240884295148
0.118549442080654
0.117930323224081
0.118606216229635
0.119309201081947
0.117380660954712
0.120744367378394
0.116405732246206
0.118861537996585
0.119127059681935
0.118977514846548
0.117477641131252
0.119296464675902
0.118190070352453
0.1183953639482
0.118197194104987
0.1166616476592
0.118408855903756
0.116624679700975
0.119413844689242
0.118153588104628
0.115568529420019
0.117623354251261
0.117520491582099
0.11871496139142
0.118262765008991
0.116872230101524
0.117121507472385
0.118111655106759
0.117578345087525
0.117059606380292
0.118144467542672
0.118192552872275
0.117003210006066
0.120081534585819
0.118341342158152
0.118671247455417
0.11673876767716
0.117705439308866
0.11700428936251
0.117184811727855
0.117541970775345
0.118589702076034
0.119233052484786
0.118135077141605
0.118447712735758
0.118524940689363
0.119573319603919
0.117495828287342
0.119582494133698
0.120393846373039
0.11782724468363
0.118228009731478
0.117109202808917
0.117367168999156
0.120466109286999
0.118931102519434
0.118730072381643
0.117837714441142
0.116945518404107
0.11814684212685
0.11949744084587
0.117793460826917
0.118671625230173
0.121707585069478
0.118814747894715
0.120712202556348
0.118667577643506
0.117359127793644
0.116755227862939
0.119745800763753
0.118589270333456
0.118602546417724
0.117796375089317
0.119384486193952
0.119245249212609
0.119438454016177
0.118463795146782
0.119003635272505
0.118944864314101
0.116561915123727
0.117668525318464
0.119004336854194
0.119501974142937
0.119070609339887
0.11871738994342
0.118378903762421
0.119984500441457
0.120123791390621
0.118210632092721
0.117796860799717
0.118025468494665
0.117756169061759
0.11789367907279
0.117712994803978
0.118151753198673
0.117487895017475
0.119040333391619
0.118577127573456
0.119042761943619
0.119701816988639
0.118866287164941
0.116195689482103
0.116720040842848
0.120350294340502
0.117656598429752
0.119406720936709
0.116974121349886
0.116394722810471
0.117691623546377
0.118397630596733
0.119874891794516
0.117505758366631
0.117952234159904
0.117833235111897
0.116405894149672
0.118300866291482
0.117967345150128
0.117822225676163
0.119547684888362
0.118867852231785
0.119286426660968
0.117516012252854
0.117484117269919
0.120530115124158
0.116250250950373
0.117584065676681
0.117476669710452
0.11947148232338
0.119144707159803
0.117660268241664
0.118525480367586
0.117870796716166
0.116461696877854
0.117639490630107
0.117327448681998
0.118580041835856
0.117881158538033
0.118448630188736
0.119212598680163
0.117874574463722
0.118802065456492
0.118502813882251
0.118352297626063
0.118433735069802
0.118999425782372
0.118447280993181
0.120262650597208
0.118118724891471
0.117061549221892
0.118817014543249
0.117153240551853
0.117580018090014
0.117038181154868
0.119779476684821
0.120405395486995
0.117504571074543
0.119147405550914
0.116758088157517
0.118036046187821
0.115929034472486
0.117632798620151
0.118133350171294
0.117439377945294
0.118243606432101
0.117672896712064
0.118914372494544
0.118356291244908
0.11997705288199
0.117040447803402
0.116424620983985
0.116543404160703
0.116788526009252
0.118467950669093
0.118140689795117
0.116898404495304
0.119614011341878
0.118441506436202
0.11723656686937
0.11821133367441
0.118173070488452
0.119367270458662
0.118505026562962
0.118564768942166
0.118105934517603
0.118762561010623
0.118477449005805
0.117304890132308
0.117646992157396
0.117690220382999
0.116994413251043
0.118108578940892
0.118533035862697
0.12020522883436
0.118983235435704
0.117807006750295
0.119021660525128
0.116391970451538
0.118894782175076
0.116607463965685
0.118229358927033
0.116947892988285
0.117283788713817
0.118388995745177
0.119495821811203
0.117055288954514
0.118143388186228
0.119688648840016
0.119688594872193
0.118287374335926
0.118535680285986
0.116896569589348
0.117213738480568
0.117189398992745
0.118195467134676
0.118606378133102
0.121948983138294
0.117355727820844
0.118577991058611
0.11946835218969
0.11946252366489
0.117958656330749
0.119890434527317
0.117992710026574
0.120137499217467
0.119452377714312
0.119044111139174
0.117571059431525
0.118003341687552
0.116319545634111
0.118983289403526
0.119720975565529
0.117131653422963
0.118478906137005
0.117419571754537
0.116035944728315
0.11824236517219
0.118319107415395
0.117449092153295
0.119897720183318
0.117999833779108
0.118838493736495
0.120320719973923
0.11800037345733
0.119115456600157
0.120551216542649
0.116748481885161
0.118082890257513
0.120475499688066
0.117641163632596
0.11743662558636
0.11958060525992
0.120585971820162
0.118155153171473
0.116395046617405
0.117689410865665
0.11619390854397
0.119469809320891
0.118363091190509
0.117941440595459
0.11994359283221
0.118071988757423
0.121152094275309
0.11949646942507
0.118383167220377
0.117809759109229
0.116341618473401
0.117792003695716
0.118295145702326
0.116759653224362
0.119175468818472
0.117560805545302
0.117680991885398
0.117873495107277
0.115884295147861
0.116949458055129
0.117858060310121
0.117765775334115
0.119456101494045
0.118456185683848
0.120200641569471
0.119663931577436
0.117300302867418
0.117829349428697
0.116662996854755
0.117300140963952
0.117628966904773
0.118136804111916
0.12094987684543
0.115723686908917
0.116657708008177
0.118173340327563
0.119296950386302
0.118110090039915
0.116906823475571
0.11754450726299
0.116439570070741
0.118723542275154
0.119315029606747
0.117375587979423
0.119151830912337
0.118761859428934
0.117943815179637
0.118037125544265
0.117631665295884
0.117753794477581
0.117199760814612
0.11687746498028
0.116626838413864
0.118982317982726
0.117970637187283
0.120622022325409
0.117841492188697
0.118318567737172
0.118883340996764
0.117635820818195
0.118567845108033
0.117859679344787
0.117979164103195
0.118711723322086
0.119743264276108
0.119671325169081
0.118370107007398
0.119385673486041
0.115946358143421
0.118307720204905
0.11659375613884
0.11975324832322
0.118081918836713
0.118815611379871
0.118642752445282
0.118588784623056
0.117590433879704
0.118191905258409
0.118100429799736
0.1166669904736
0.117449092153295
0.118054233343911
0.118832935050805
0.117813644792429
0.119190309969584
0.117375587979423
0.118068588784623
0.116701583847647
0.116748481885161
0.117400683016758
0.116697806100091
0.119470025192179
0.116948216795218
0.117210446443413
0.120146889618534
0.11807797918569
0.117221833653902
0.119592316277343
0.118791487763336
0.11810512500027
0.119368997428973
0.117287404557906
0.118181435500897
0.118468490347315
0.120259466495697
0.117827082780163
0.11811845505236
0.119472561679824
0.118570273660033
0.117886555320256
0.118050941306755
0.117021990808201
0.117388216449824
0.118717228039953
0.118868337942185
0.119635490535123
0.117621411409661
0.117872793525588
0.117379959373023
0.117343477125199
0.116849401712723
0.118062436452889
0.120378033801126
0.117852285753143
0.117474295126274
0.11697250231522
0.119832419118425
0.117066892036292
0.116542486707725
0.118032754150665
0.11763350020184
0.118495366322784
0.116885128411036
0.117906955157057
0.116912813903838
0.116623546376708
0.116887449027392
0.118934178685301
0.117115624979762
0.119507424892982
0.11859785121719
0.119254261838921
0.117253134990793
0.122331992772629
0.116470223793765
0.118267945919925
0.117980621234395
0.117335597823154
0.117162469049454
0.119721083501173
0.117219135262791
0.11887427440263
0.117270944372128
0.117824492324696
0.117938040622659
0.119226792217408
0.118660615794439
0.117894758429234
0.118538216773631
0.117699125073666
0.117320109058175
0.120350402276147
0.118033509700176
0.117350007231688
0.118697637720486
0.118043763586399
0.118114299530048
0.120224495346894
0.116910007577082
0.118441668339669
0.121477358339863
0.117997890937507
0.120389960689838
0.118083429935735
0.118392557621444
0.117551577047701
0.11764370012024
0.117950453221771
0.117729401021935
0.118720520077109
0.117568145169124
0.11767424590762
0.116586146675906
0.119208497125674
0.120554778418916
0.118063515809334
0.119235588972431
0.11763398591224
0.117100244150428
0.119703328087661
0.11789513620399
0.118162870570051
0.117353623075777
0.11856439116741
0.118557483286165
0.119385727453863
0.119999827302969
0.116288622071976
0.116833103430411
0.117080869702249
0.118603571806346
0.118882099736853
0.11811241065627
0.118862347513918
0.118014998737153
0.117784448200605
0.118853496791073
0.117022152711667
0.117502898072054
0.118492020317806
0.1192697506039
0.117291506112396
0.117886447384611
0.120109381982087
0.117806575007717
0.118769468891868
0.119615252601789
0.11815288652294
0.120140143640756
0.116744002555916
0.118637139791771
0.118216244746233
0.117194256096745
0.115779813444032
0.1192678077623
0.120258225235785
0.116838716083922
0.118234755709256
0.117290480723773
0.11901588596815
0.11690752505726
0.11894313734379
0.117586872003437
0.118978000556948
0.118920039115878
0.1196160081513
0.115574519848286
0.118035560477421
0.116738929580627
0.117617471758639
0.11796108488275
0.116449769989142
0.1171917196091
0.118558508674788
0.115822987701813
0.11627491424513
0.117059714315936
0.117308074233819
0.119095812312867
0.118042522326488
0.118304320232105
0.11849962978074
0.118202752790676
0.117608836907083
0.117212659124124
0.116400551335272
0.118846912716762
0.116440001813319
0.117855955565054
0.119349730916438
0.1190907933054
0.118058874576622
0.118221641528455
0.117952773838127
0.116505464781679
0.118519543907141
0.116731805828093
0.11667886339449
0.117462368237562
0.118119804247915
0.117228957406436
0.117601335379793
0.117973767320973
0.120032154028482
0.11883644295925
0.119206662219718
0.118653977752305
0.119523399368361
0.120106035977109
0.118381710089176
0.119250214252254
0.118897912308765
0.116219273420416
0.118432170002957
0.117400089370714
0.116046576389294
0.121821457174374
0.118332491435307
0.116987829176732
0.118258177744102
0.118792998862358
0.117178173685722
0.118706758282442
0.11745481274245
0.116415392486384
0.116880217339214
0.120200587601648
0.118561261033721
0.117306509166974
0.11841306539389
0.11654210893297
0.118251431766324
0.118254831739124
0.116731320117693
0.117211957542435
0.116717936097781
0.11739879414298
0.118718739138976
0.119534192932806
0.117808194042384
0.117977868875462
0.118075442698046
0.11900762889135
0.119745099182064
0.117824492324696
0.118037395383377
0.116000271997824
0.118168213384452
0.119720867629884
0.119850444371048
0.118492398092561
0.117412448002003
0.117606138515971
0.117290750562884
0.117608836907083
0.116749777112894
0.117990767184974
0.118129896230671
0.118950315064146
0.118061141225156
0.120252450678807
0.115949542244932
0.116459861971898
0.118406049577
0.116241562130995
0.119533545318939
0.11803869061111
0.118022770103553
0.117937285073148
0.117416387653026
0.12008374726653
0.118789383018269
0.118838655639961
0.117100837796472
0.118642158799238
0.117958602362927
0.117746185014647
0.117456377809295
0.118428554158868
0.120547816569848
0.116448474761408
0.117717797940156
0.117804848037406
0.117579316508325
0.117824708195985
0.120622076293231
0.117580557768236
0.119966745027945
0.117824222485585
0.119077625156777
0.117124691573896
0.116828678068988
0.116801748125698
