"V1"
0.084469930796972
0.0879563771988566
0.0873222430764368
0.0862500595725507
0.0861525543095509
0.087869670769071
0.0855139347756005
0.085460482729056
0.0852770684841909
0.0858935739712836
0.085012634375453
0.0836688351075122
0.086716455729099
0.0863360413717264
0.0867147427566369
0.0843585499215166
0.087020042605149
0.0868382693748836
0.0847609404187633
0.0883510599106303
0.0837988911673122
0.0852260031956767
0.0860303274445722
0.0869046537337392
0.0852946592403396
0.0860430962778124
0.0864717678088818
0.0856379065621159
0.0838316860925973
0.0839373811367072
0.0869715981283689
0.0863689392954634
0.0860094424168431
0.0867807133764581
0.0879218378263703
0.0876146107249169
0.0856068343818241
0.0854775869609461
0.0855053732713307
0.08583567672648
0.085538883007856
0.086876168381195
0.0840565577766943
0.0850644920237825
0.0846552841194723
0.0863894649927508
0.0857556690890024
0.0842642210068349
0.0857221958550862
0.0860449855667069
0.0854183046882615
0.0851644352008319
0.0855361633790867
0.0870143405035851
0.086385634978418
0.0862660332490077
0.0859230794228519
0.0848167624241244
0.0860999275871339
0.0871396979748868
0.0868413081993695
0.0879673886146673
0.0857448079695557
0.0882026209655573
0.0857581729905472
0.0862642156926505
0.0861857887649013
0.085889436981289
0.0871901771221391
0.0854504089116327
0.0846686198466472
0.0852645646873533
0.0850694963707571
0.087057748086725
0.0857943332011846
0.0874375257151519
0.0876955755206131
0.08739031172569
0.0844440180224717
0.0853012655756905
0.0866369264621634
0.0851822166264289
0.0845089285714286
0.0867436790120249
0.0860026266001781
0.0870574605916181
0.0861017200763708
0.0850111671454133
0.0875534972471659
0.0856983036228963
0.08758803312253
0.0863556776223807
0.0857062690396024
0.0864811953772285
0.0857109318030843
0.0874048562621878
0.0862501541717246
0.0854634823852642
0.0853501005731261
0.0860633621343035
0.0861263611320461
0.0855595405943339
0.087049850852242
0.0844699974855201
0.0859614085677916
0.0880196514453034
0.0859123106589361
0.0841312166418142
0.0872861387596698
0.0869868879793846
0.0848075499629904
0.0859476508701403
0.084890709317956
0.0857366954420562
0.0866996678244122
0.0876228406701779
0.0855944260378094
0.0853673790912475
0.0859043335669721
0.0853563775393894
0.0839772230375922
0.085002195373062
0.0870012387145954
0.0838289360447598
0.085881329244151
0.0874005313676204
0.085346927639229
0.086004145026077
0.0841560557829316
0.0865539303320873
0.0871118671753311
0.0857955049662245
0.085396151008229
0.0869738181896963
0.0865936984994362
0.0847431377268361
0.0883842028278888
0.0856906743955827
0.085163223543169
0.085433088333961
0.0851199680345123
0.0860683280630101
0.0876767489671816
0.0852355178403573
0.0860942318304282
0.0836487206823028
0.0853107418099226
0.0856407333800951
0.0851500397348699
0.0853115617809467
0.0845317175052377
0.0848506908109256
0.0858612741306886
0.0858041043887785
0.0847595763345138
0.0848791610111335
0.0851987720860883
0.0857037644450519
0.0870115946546823
0.0881907554366414
0.0854676762562531
0.0852977787014247
0.0847077587624761
0.085363677871403
0.085761993571082
0.0863528316140461
0.0853017316017316
0.085133695051821
0.0870219014661688
0.0869440654843111
0.0858005332848529
0.0873984294463647
0.0862559426389214
0.0856064892496195
0.0862870047982816
0.0839230971026181
0.0864423070678469
0.085624590817844
0.0873745542412846
0.0853809913880907
0.086516185277841
0.085616746584775
0.0853833481716391
0.0836930393259766
0.0864942248779484
0.0860413283094047
0.0882918045890131
0.0863936367793374
0.084662013981892
0.0868264859449483
0.0863021584759825
0.0871414381684615
0.0858664721971375
0.0847656427758817
0.0866864736059254
0.0859362012987013
0.0851139083280317
0.0862916092969284
0.0863101463585753
0.0866272006756318
0.0870197683186853
0.084382249920393
0.088052767580515
0.0866001634932922
0.0863910999924191
0.0870186048123813
0.0866076576283677
0.084818844109592
0.0856733485617378
0.0850518389504833
0.0878157754601068
0.0845989684451573
0.0846011560818877
0.0870476038747239
0.0862846139183475
0.0867648588724097
0.0856561713938763
0.0855825819778621
0.0862070962991836
0.0877100155691398
0.0846808512941064
0.0853958830245168
0.0856464209887777
0.0840127300806448
0.084585029060318
0.0870019756516621
0.0853159255238702
0.0866136531469198
0.0855245569565406
0.0874853618887439
0.0851187227074236
0.0848049378062571
0.0848682386626988
0.0875409322696903
0.0850490148342909
0.085376461038961
0.0872813654055131
0.0860829070218432
0.085566255368878
0.0856066509516666
0.0865878324211658
0.0842225733663669
0.0845988709376936
0.0849317300115172
0.0882348059285682
0.0852189713835232
0.0886068921048861
0.0859079908660946
0.0868878580422293
0.0863723841129851
0.0855594794089745
0.0850785813961551
0.0862284140854594
0.0859848386327676
0.0856142588817768
0.085700264826953
0.0871609286614067
0.0848431646419368
0.0851652392215984
0.0856505382279281
0.0865942735765221
0.0858214631971676
0.0884161782911954
0.0876076051044224
0.0862331931817443
0.0856763914241973
0.0866305027669387
0.0872215254039019
0.0873594028028522
0.0868805504821702
0.0862088569524502
0.0854100746122895
0.0852422619047619
0.0857687034606438
0.086062614646077
0.0863152365790528
0.0848680285744656
0.0857553702151983
0.0850013864787988
0.0858365426454257
0.0863357292602576
0.0853999830722554
0.0861799404274138
0.0850786176806376
0.0852137728671401
0.0873035898301856
0.0861331639845897
0.0855485458467475
0.0863985172097213
0.0866292493799885
0.0875653313406327
0.0870193630429743
0.0858955286903084
0.0867215700549034
0.0857399876370498
0.084753586645958
0.0868862427845826
0.0862284830204379
0.0847269439695612
0.0865332523515044
0.0837349449815883
0.08597595023829
0.0866682040222419
0.0855132159450279
0.0868249746131345
0.0873013347533758
0.0844189043550523
0.0864231014677728
0.0876513142787822
0.0862669294850146
0.0843771201411513
0.0872378198581468
0.0856055095917811
0.085655324982458
0.085665848373263
0.0855741022407689
0.08732730428903
0.0857554709841385
0.0853340330718521
0.0858579461430369
0.0872853133060234
0.0843037201229857
0.0867987732188916
0.0856549596582819
0.0865976505712163
0.0838983371985509
0.0845143247374069
0.087366659297981
0.0867244424817841
0.0844161064808193
0.0858522123453263
0.0868069894078893
0.0862537582877144
0.0880296839543384
0.0869391436931347
0.0871101209420751
0.0879411911374758
0.0866215343891275
0.0865504644835398
0.0847305029485881
0.0852561895232898
0.0858842686726821
0.0847117423922392
0.0852127790838128
0.0859011077268112
0.0848635744701117
0.086280668702224
0.0865228334664321
0.0860528530750723
0.0863851259205382
0.0844751025609352
0.0857788772230741
0.0847629009762901
0.0870020341697233
0.086439170779605
0.0868377969396141
0.0871111038862518
0.0850602546612096
0.0866382567760404
0.083623046430036
0.0860560080076437
0.0860498848694177
0.0854077611035319
0.08604655949835
0.0866053574674734
0.0856441652631739
0.0857067661200625
0.0849080244027053
0.0852775884268727
0.0856474111136381
0.0847850489972998
0.0856548729313845
0.0855463273095498
0.086484950716875
0.0875658968142019
0.0857918607395666
0.0872551629505543
0.0860250893032937
0.0877364214102622
0.0861452045606975
0.0849751450953856
0.086732591409439
0.0854294701054592
0.0856858714571481
0.0855541511514309
0.0869755288298064
0.0870772742827687
0.0850982233574017
0.0859186737200567
0.0851238693347549
0.0885176301349355
0.0854490312823646
0.0847346963532934
0.0852684051570162
0.088354397856037
0.0860689636491684
0.0861760780209613
0.0862705597182238
0.0857837342184635
0.0860135299114185
0.0860779069112402
0.0858384448112002
0.0863849643214578
0.0856352021097622
0.0855960939294273
0.0862069973496856
0.0847346963532934
0.0859605369761407
0.0847639310582468
0.085172154665938
0.0849036864540917
0.0849729395375239
0.0873470595118907
0.0854810789835373
0.0858426666840008
0.0860428365847589
0.0873086995795452
0.0854691669859162
0.0868412040980427
0.0865542267862559
0.086251900905936
0.0873350323109129
0.0871235535890512
0.0867683965951439
0.0864962089227798
0.0844562820579469
0.0850300026399727
0.0885860684160793
0.0850932006849167
0.0859139788436734
0.0860350925124843
0.0860487420158903
0.0862693580181198
0.086518499018499
0.0854810829182334
0.0861471959934408
0.0865786396413954
0.0861498020380347
0.0869155858915826
0.0863875824975316
0.0857712377577445
0.0849754664831252
0.0862433922638283
0.0863344256621568
0.0860333361457799
0.0865955487154178
0.0881059596911314
0.0863134500035742
0.0841992969436578
0.0847927489177489
0.0858411361813729
0.0868264859449483
0.0853672800998129
0.0878478115266317
0.0849477457573887
0.0858872548701052
0.0846304645829408
0.0855936234861685
0.0857037625274742
0.0880588193150881
0.0855688311688312
0.0858927244645754
0.085999313290961
0.0857390782795475
0.0870968545772878
0.0861388989935734
0.0851403720102444
0.0873805193821107
0.084955765146053
0.0867291843812812
0.0853086716518432
0.0854355297502425
0.0856372625434642
0.0858746296007486
0.0852615915499979
0.0870716971406046
0.0866107984454814
0.0865619792987041
0.0866703603328416
0.0866188226744186
0.0860723322100078
0.0847560764227431
0.08599021817009
0.0859753574299277
0.0861970589700115
0.0848021526210958
0.0853464404269279
0.0863059760507324
0.0857531714303021
0.0875573433013706
0.0867586181512707
0.0875289182303128
0.0870032321209086
0.0864483332032503
0.0873022552970233
0.0877162607277665
0.0873400889317127
0.0859855197588646
0.0861808068536433
0.0850399331814336
0.084653825550806
0.0873873859237549
0.0869552305655086
0.0865573390972092
0.0846121294086794
0.0842837644611985
0.0837811504956118
0.0864839411554574
0.0872577062679452
0.0858859239334065
0.0848220386965774
0.0876782868849793
0.0873773785156546
0.0861844496955376
0.0861805546539256
0.0862678923320124
0.0863034598958739
0.0837494658015363
0.0874153992807314
0.0851520983711551
0.0852175001137553
0.0873362885351602
0.0842336343359536
0.0850653287002457
0.0866856960798975
0.0870310753917721
0.0864355713613894
0.0855065029511646
0.0865295601979705
0.0871275600678138
0.085395378195842
0.0855832082139011
0.0862942626843533
0.084888794359404
0.0861667641135581
0.0870451937027653
0.0854920079541791
0.0859933281660815
0.0853096179183136
0.0851343406718333
0.0874062772827615
0.0858301114396179
0.0847346963532934
0.086945534604272
0.0858971191007242
0.0861525543095509
0.0869667082894343
0.0855873695071619
0.0856735463681928
0.0860176151937541
0.0861390649547646
0.0854497354497355
0.0850251626832087
0.0865585566863014
0.0855444884098179
0.0856439647388217
0.084644926311593
0.0869886897722793
0.0846960212006171
0.0869840223141874
0.0862378634994272
0.0849717404014812
0.085353541917108
0.0876811759170727
0.0870597847981183
0.0867115418376171
0.087023224789279
0.0852286931787409
0.0840565577766943
0.0860449855667069
0.0864934424986733
0.0873463124736141
0.0861712071781674
0.0852291143957811
0.0858391858266796
0.0869644534784547
0.0849194988152043
0.086483249962104
0.0851620961125939
0.0860637475560406
0.0865798407145129
0.086954748690487
0.0863357592297779
0.0853702909800304
0.0844505561190433
0.0862053605256606
0.0867633309743477
0.0869689024218332
0.0858954451345756
0.0851801760846176
0.0869640068191221
0.0861671430736915
0.0867395881443511
0.0870172201322426
0.0856401651983333
0.0878679210537718
0.0861595770950302
0.0848735768870867
0.0883346467975355
0.0859241787710948
0.0859578575224214
0.0860500471775694
0.0849297461228581
0.0855468022134689
0.0863668009268282
0.0864290697624031
0.0870198871393465
0.0856225399134829
0.0858064201067847
0.0870483225108225
0.0868903627293042
0.0851846012820346
0.08574730037496
0.0861700503987738
0.0875276540291542
0.0864053624176324
0.0858583905745349
0.0860862554505814
0.0857607290631435
0.0876565874963748
0.0852344915057974
0.0872546026549573
0.0865616322941439
0.0857132040040586
0.0864991900489874
0.0847102579094394
0.087709711374771
0.0872591503353026
0.084644632680282
0.0865383407819294
0.0850319580758512
0.0862501407438203
0.0860712986304218
0.0853030735714394
0.0858395192418014
0.0853570400759931
0.0857525221999086
0.0853847837487594
0.0865628079751346
0.0844275564154671
0.0862193821831608
0.0876365503213522
0.085490446121664
0.0842126635698455
0.0857918607395666
0.0856345235387764
0.0873151569160585
0.0850349025974026
0.0854307926116437
0.0858872224892503
0.0854058663028649
0.0854288897985173
0.0852903769570436
0.0851373613851393
0.085339026327121
0.0875779578458597
0.0864821566677715
0.086668725751566
0.0868748849846827
0.0859176607639092
0.0865451800126765
0.0872032604812782
0.0862678923320124
0.0852947938763735
0.0869829466329671
0.0867553976768451
0.0868401808701672
0.0847079808665535
0.0860368293248246
0.0850130403796873
0.0861166742527689
0.0875869601001503
0.0864912975968504
0.0862876303055889
0.0871572100177651
0.0848941522328802
0.0854618605699035
0.0860508201094347
0.0870684557652945
0.0867202724301784
0.0869319916589254
0.0872519299750468
0.0863793637790088
0.084055979346164
0.0839881250555689
0.0849435290401992
0.0868305297286059
0.0870297903203109
0.0855365169026794
0.0864123322456656
0.0866928052770974
0.0855280708136292
0.0864454699077083
0.086483249962104
0.0857134200314676
0.0872222041682915
0.0875347050772283
0.0871594419693669
0.0861597395508422
0.0848119685325815
0.0847477717491363
0.0852666727308561
0.0851955267939713
0.0864505952380952
0.0848447515895409
0.0851308792791622
0.0869358295716559
0.0860523475796071
0.0870962954296288
0.0861446344582439
0.0887432146920202
0.0854762664340187
0.0859535494117672
0.0852588599244802
0.0864472113732906
0.0856480549585408
0.0838088519281911
0.0861922635296157
0.08590125534431
0.0875450798557445
0.0855474784189005
0.0863095238095238
0.0865425584943608
0.0861014381649699
0.0873664226274385
0.0860689025485245
0.0868461836917388
0.087226972872596
0.0871772577062679
0.0862238864160629
0.0867541790663323
0.0860966991341991
0.0859610131638517
0.08630559475577
0.0857900536220307
0.0860474177397674
0.0856972827793842
0.0866340833880542
0.0847836728505366
0.08516094367134
0.085424299312304
0.0855709645665023
0.0860526207574203
0.0853370949544036
0.0867869594404383
0.0870398402664536
0.0850018611334736
0.0868052351711665
0.084700086051991
0.0844386053803114
0.0852478025890598
0.0860921174189687
0.0874626435473839
0.0871470127981196
0.0858029284035652
0.0871881338083104
0.0857060068698176
0.0858357076872819
0.0841307973230279
0.0855615980871814
0.0864324039910617
0.0882889899108145
0.0864361229566454
0.0858785397808067
0.0842593074184118
0.0850242172915139
0.085560415746586
0.0871307797697507
0.0859603745055478
0.0856827380952381
0.085066786245023
0.085321231015707
0.0883607033420449
0.0839217439365368
0.085984213603586
0.0860199938533726
0.085814029045778
0.0860337887144308
0.0849907149791114
0.0885118452001923
0.0862381255742195
0.0848111602475437
0.0854051245412919
0.0853019937281807
0.085048240740139
0.0890703144154641
0.0871222745984131
0.0861406974653574
0.0876421641871847
0.0860284150946665
0.0860386016670132
0.0873756974917384
0.087041341991342
0.0865323556993635
0.0881590087719868
0.0859730566470735
0.0846145052477825
0.0843556389721971
0.0857706296885656
0.0859612441858703
0.0889959116055687
0.0855623884064001
0.0863446558147806
0.0871381333749372
0.0848564585011738
0.0877440459931583
0.0870538353112354
0.0857955923366072
0.0850205316128362
0.0851090890984508
0.0841906560976614
0.0862814163969655
0.0851127961982702
0.0863625589339291
0.0847726441097059
0.0865649274853877
0.0878195163514322
0.0867300662814154
0.085591583005729
0.0865567698885862
0.0864902360707844
0.0866059924947652
0.0845824400701618
0.0859970826917204
0.0855955683169089
0.0861437078695466
0.0858785397808067
0.0869975361245708
0.0854717432328321
0.0873052686285974
0.0855249682120182
0.0859295742312207
0.0869872015554733
0.0867395458888838
0.0853626045516647
0.0854487771963168
0.0862222251078316
0.085702757644247
0.0859166471932284
0.0854081679052123
0.0849600881440987
0.0845186128289075
0.0859143320704527
0.0861571567086975
0.085570540318038
0.0859563199083297
0.0855012954239935
0.0862129482222728
0.0876631256853337
0.0857076854827366
0.0855985840761627
0.0870762523837664
0.087065386864159
0.0883932903583559
0.0868980369697877
0.0854643772102501
0.0849599095528323
0.0869331890856952
0.0848904850782668
0.0856561475667667
0.0878494200882974
0.0857099500093218
0.0876373876214727
0.0850851260593381
0.0860189645248266
0.0875180391571413
0.085447311087433
0.0854729444606745
0.0856064201415526
0.0861256385768642
0.0861829511249702
0.085572359942385
0.0849606854926004
0.0846623565551147
0.08454370228718
0.0863237908980848
0.0851061458799906
0.0869190971703808
0.0853681849394445
0.0856504329004329
0.0844127626934652
0.0869447387636858
0.0854947522175484
0.0858441499412364
0.0858681645214597
0.0870504461444547
0.0874291008666293
0.0864811193475526
0.0873579133498686
0.0880825164407084
0.0869351218076102
0.0854004466858165
0.086628031487887
0.086461620372174
0.0846438802886895
0.0867732447961674
0.0865018006838917
0.0850941727243396
0.086204297022239
0.0853216495917624
0.0878115280001041
0.0855916371552032
0.0865495479094605
0.0860935634888139
0.087569033530572
0.08634748777138
0.087531958910437
0.08527311401942
0.0851219454067627
0.0875132335271003
0.0860016961929891
0.0856890277804821
0.0867134837549039
0.0859722321550474
0.0855155393369565
0.0867209184138857
0.0880690190164162
0.0862457618311488
0.0848170846568064
0.0876566729736818
0.0870252471004351
0.0864444076161014
0.0857200828722696
0.0866327660478097
0.0885044710584033
0.0863128540021876
0.0852913975560205
0.0847201215197762
0.0852934840966756
0.0853790578503798
0.088153496478484
0.0861378501989995
0.0843738431864085
0.0850506076817202
0.0853280449727035
0.0867361165233506
0.0867225284726195
0.0863023796534435
0.0860250893032937
0.0855764644927442
0.0860250893032937
0.0848739846113533
0.0856145284695581
0.0847330168124614
0.0842982667047896
0.0871073696609094
0.0856611795734619
0.0862524758697508
0.0860255128321668
0.0857739830309971
0.0868050863241422
0.0856337157834817
0.0850068518951498
0.0864823121832574
0.0861101183707506
0.0863081972680827
0.0866992607810885
0.0858641449571227
0.0855017973537755
0.0857008055609693
0.0863353684278895
0.0865827949161282
0.0873955260970438
0.0861910964852141
0.0857496276379255
0.0858283222276396
0.0858143453058129
0.0867541790663323
0.0863207138196896
0.0868266961172827
0.0858631290415398
0.0873873478369267
0.0866545061214581
0.0866371010537488
0.0849514352520638
0.0865706624421345
0.0880477079295708
0.0843751083433009
0.0850235516902184
0.0863331795977758
0.0849511793805952
0.0867707129219539
0.0855950648405624
0.0862506089046212
0.0874331168831169
0.0872379674569605
0.0864539412563425
0.0859788179429576
0.0870569508466018
0.0859096853254351
0.0863550698751881
0.0861824888144266
0.0851837084966129
0.0847062461348176
0.0862221710026555
0.0851670733712347
0.0862053896340196
0.0848124065283829
0.0864095961170429
0.0846513566772776
