"V1"
0.104216274339608
0.104514350073106
0.105079015913332
0.104571657602648
0.103912004337252
0.105018940007822
0.104028556307985
0.104255980721768
0.103994926459616
0.104779128305139
0.103914981567029
0.104752562399421
0.104193199068046
0.104309704192887
0.104725409278491
0.104082704834474
0.104337824675325
0.10391793542814
0.104731455867459
0.104197125230059
0.1043325624282
0.104026102596657
0.104875018627343
0.104941528992549
0.104221004986276
0.104064058031124
0.104746788974977
0.104525053547089
0.104698904321388
0.104197517668474
0.10439595756633
0.105558021539379
0.104865173294639
0.104733992009502
0.104144174793982
0.104047003451657
0.104216274339608
0.104427292600945
0.103361458900381
0.104834845049131
0.105770910207108
0.104164804101315
0.104906746391646
0.104114384610236
0.104356135452231
0.104700598478956
0.104010357601875
0.104170202841465
0.105600843258468
0.104265814497676
0.104334505886519
0.104240487742732
0.103928236600392
0.104642279268011
0.104294481839718
0.105104633152086
0.104005055380276
0.105021086522764
0.104107906709594
0.10436900280544
0.104551773077222
0.104996469384053
0.104620397365295
0.104964089633312
0.104456684919375
0.104992474497508
0.104658887456293
0.104831608819318
0.10483711944502
0.104283056418102
0.104182028869061
0.104803769679212
0.104438854999276
0.105384903711961
0.104036790648063
0.104351116523512
0.103633846499413
0.104776595330991
0.104673079373719
0.104960893456539
0.103593328228821
0.105104633152086
0.105327764384651
0.104751702068394
0.104762336994342
0.10459410430839
0.105061617150377
0.104318520006306
0.104381777196233
0.104186400851783
0.104062431797604
0.104208343050625
0.104014880007259
0.104423118882358
0.104460717529519
0.104904699256648
0.104546524865901
0.104270902157907
0.10526303566838
0.105683426117351
0.104485489266225
0.104659558572681
0.104875496931985
0.105523221233809
0.104352860770646
0.104831977231306
0.104196070807547
0.105184086241635
0.104745813597358
0.104375840853778
0.104320077990387
0.10497635244574
0.105047117953636
0.104487491009467
0.104262174711154
0.10397390388095
0.104213251456382
0.104981687473411
0.104410014878928
0.104507300176431
0.104451225968447
0.10455508840576
0.104077984316317
0.104361588179782
0.104033343923509
0.104494264938049
0.104151915395788
0.103866996190822
0.104420842411038
0.104630859509987
0.105369537462492
0.104642543745893
0.10424711154303
0.104054766007246
0.103988624770896
0.104831977231306
0.104192609966114
0.104634050998966
0.104521249592247
0.104532491485415
0.103928236600392
0.104808437681516
0.104455970523188
0.104118786355569
0.103412709213607
0.104612278530499
0.104388750283511
0.104658887456293
0.104751265866535
0.104821868848279
0.104620950048802
0.10492388165752
0.104249124943588
0.10405649336909
0.104659558572681
0.104240703672754
0.104242562627663
0.10368811122054
0.10444708682711
0.104423349767098
0.104931247881187
0.104878969784583
0.104057916050791
0.103808875637369
0.104342371754179
0.103788752719252
0.105053489622819
0.104337525295392
0.104865281259649
0.104541690151186
0.105097632989013
0.104249124943588
0.105034262037619
0.104504276881947
0.10447242726878
0.104951432503495
0.104911787382648
0.104832253536335
0.104612757862735
0.103896246239436
0.104095242415798
0.104033002102334
0.104129690327206
0.104932242738365
0.104332378229687
0.103949104699706
0.10546644249557
0.104992600429694
0.104082597151197
0.104969920832928
0.104845090629382
0.10498386252994
0.105166953866618
0.105193764804702
0.105013744569114
0.104185242544809
0.104507581646843
0.104992549724372
0.104598315516683
0.10452421988389
0.10447131821117
0.104638802321237
0.105044179282378
0.105145080676006
0.104466674873496
0.104303672124208
0.104301561375877
0.10411599201307
0.104482094520882
0.104005355090684
0.103958712732473
0.104580932068793
0.104332061563176
0.104529038349765
0.103691480219548
0.104749704162456
0.104766873630861
0.104371305065057
0.10425982450683
0.10499370901945
0.103975022844959
0.104216274339608
0.104856354426552
0.104406982196609
0.104216582546666
0.104663126200959
0.104980039014653
0.104115857609372
0.104665835034399
0.104281705875616
0.104826262128473
0.103902491450693
0.105376347571292
0.104872193078584
0.103994658597326
0.104618412755997
0.104630842171684
0.105095529706553
0.104047003451657
0.10460841857944
0.104374261387328
0.104869923446218
0.104379569927313
0.104779776212721
0.104746249835353
0.104532474604399
0.104061951853868
0.105183585779991
0.104840747821015
0.105179519939814
0.104631267098959
0.104547918110699
0.10469428493655
0.104821185617104
0.104986165290756
0.104985625294298
0.105310113432165
0.104840139602487
0.104016190433004
0.105193764804702
0.104281833942947
0.104831977231306
0.104423118882358
0.104284363927059
0.104669681733361
0.104049961782119
0.10444708682711
0.104857836023943
0.10452609848583
0.10422970267521
0.104027541850906
0.104424244190943
0.1043558186044
0.105131415011023
0.10518292748795
0.105077111800773
0.104118786355569
0.104774002328782
0.103892246600722
0.104216274339608
0.10465753764883
0.104673771374103
0.104354625227256
0.104359263556596
0.104364107283269
0.104500911183372
0.104232912212504
0.103926633456629
0.105022501948945
0.104496964552976
0.104645240148622
0.105044179282378
0.104044714657131
0.10463534681413
0.104657032692868
0.104383364756851
0.104346901133458
0.105454504218452
0.105237511936087
0.104049961782119
0.104842972939108
0.104872637944067
0.104541690151186
0.104178194022405
0.106076284240841
0.104323086497384
0.104039194720755
0.104814817214473
0.104494264938049
0.104561962212316
0.10384832499562
0.104488932080769
0.104387175201993
0.104571834630346
0.104533299217937
0.104001669139065
0.10439595756633
0.104301263362488
0.1045223952463
0.10346852858417
0.104613425940924
0.105131415011023
0.1043325624282
0.10406484180974
0.104888610920278
0.103859911080017
0.104268500760246
0.104388038882915
0.10452609848583
0.104115297654139
0.104669760803569
0.104900918766999
0.10498386252994
0.104843325148101
0.104020752479866
0.104720507233218
0.105246551582622
0.104197517668474
0.104151915395788
0.103566297906905
0.103508513276477
0.104764550504527
0.104637776467565
0.104342371754179
0.10425982450683
0.104803769679212
0.103828192652963
0.104665835034399
0.105041645060928
0.104924907511193
0.104969184109521
0.104014880007259
0.104356135452231
0.104746788974977
0.104730629036405
0.103517832781134
0.104485489266225
0.104747708006754
0.104146498713787
0.104596440879998
0.104413339724862
0.104352860770646
0.104687040878057
0.105477227410494
0.103665776146599
0.104006562930031
0.10339885977083
0.104845422309233
0.104189230330747
0.104982793371397
0.104995009527266
0.104749808292562
0.104690682459767
0.104062190134866
0.104797384138505
0.105441798821783
0.104255133047822
0.103344108241401
0.105253206395292
0.105069580787366
0.104854646706095
0.103759876487149
0.105011565150347
0.104705819482051
0.104146498713787
0.105163213756326
0.104464528624545
0.104354625227256
0.104529100529101
0.104868063250156
0.104231196243353
0.103922998159525
0.104764714527786
0.104833661859806
0.105133999494219
0.103464499572284
0.104821952367992
0.104381561276002
0.105561068520753
0.104440762095005
0.104385882510457
0.104178679953091
0.104384675014521
0.104996469384053
0.104357347244662
0.104378306878307
0.105205685669329
0.104962063765711
0.104413339724862
0.104598445735706
0.104092552047572
0.104641490393861
0.105077157893372
0.10501207651194
0.104981687473411
0.1052080835963
0.1043325624282
0.104354892356072
0.104891906424717
0.103528454599835
0.104406275680118
0.103894137596899
0.104172852151252
0.105569720177621
0.105247005583817
0.10447242726878
0.104371305065057
0.104571834630346
0.105319678808584
0.104840139602487
0.10459410430839
0.104641069997776
0.10467746080699
0.105249077271618
0.104534090590017
0.104659624793442
0.104335905526436
0.104237766875566
0.104924907511193
0.104481153989935
0.105387544657707
0.10474846250853
0.105632645036964
0.104019686629812
0.104325906291383
0.105041572184429
0.104243305024449
0.104858078131007
0.104522503206415
0.104269729665511
0.104747002211625
0.104931710540808
0.104343886510099
0.103549133796719
0.104663126200959
0.104438854999276
0.104549348665461
0.104351904049142
0.104348328837708
0.104865544185283
0.103563655090658
0.104565537555228
0.104156996343645
0.104367580441082
0.10478097009605
0.10420451011894
0.105027894951694
0.104359068222509
0.104367580441082
0.105401528913109
0.10478727538898
0.104743328883763
0.104533355362191
0.104594282258152
0.105021086522764
0.104627289751116
0.104344544294202
0.104532491485415
0.104532790375467
0.103810992067091
0.10464107547781
0.104897898930648
0.104367454595315
0.103859120230802
0.103990065867617
0.104243696208873
0.104462895412598
0.10546510747805
0.104857430135258
0.10411599201307
0.104205208427798
0.104835864147945
0.104947160740203
0.104077984316317
0.104878198898607
0.104968054601908
0.104720338232786
0.105005354821715
0.103802365729314
0.105084832699464
0.104262157388574
0.104709323417377
0.104485489266225
0.10420451011894
0.105287523260564
0.10480925171302
0.104290338123543
0.104832361516035
0.104931625648536
0.104082704834474
0.104228905673088
0.104533288851749
0.103884214211164
0.105188256072358
0.104858264805832
0.10517696734805
0.104613601553673
0.104353365161418
0.103621535697007
0.103965031112263
0.104744559073686
0.104482269963869
0.104484339305687
0.105104980073227
0.104510624604506
0.10413433261216
0.104959615210092
0.104232996362269
0.104454174739248
0.104451289426123
0.104749704162456
0.103741264866759
0.104579506147249
0.104026102596657
0.104318789967799
0.104741441680759
0.104903809394216
0.103922904554264
0.104506158436334
0.104975811278275
0.105491845964687
0.105517059584848
0.104364107283269
0.104605395284956
0.105613355798205
0.104413153759529
0.105144054263717
0.104551261698493
0.103810992067091
0.105380686702695
0.104649730262475
0.104579506147249
0.104875496931985
0.104745599087746
0.104489152551159
0.104977505788237
0.104691943434972
0.104340507297094
0.104028755849535
0.104821868848279
0.104964278152963
0.104145407198505
0.105340078969082
0.104406645894199
0.104443641540452
0.104652456798847
0.103750704471695
0.104189230330747
0.104630859509987
0.103892246600722
0.104671488165412
0.104378522837707
0.103904755427155
0.10477243326012
0.104768277876435
0.104348439171448
0.104758232119633
0.104322631209124
0.104722002344402
0.104451895043732
0.105276375396141
0.105242564989538
0.1044908169126
0.104387175201993
0.105324564415164
0.105433005477227
0.104184890720474
0.104611130198778
0.1052080835963
0.104200187131167
0.104995009527266
0.105181389954385
0.104390683905738
0.104222006875258
0.104036790648063
0.104176522943252
0.104924907511193
0.103829123771491
0.104387903215355
0.104705819482051
0.10411599201307
0.104251453723932
0.104206251931977
0.104437902436178
0.103432141668504
0.104672605550157
0.10391793542814
0.104041762829655
0.104831977231306
0.104656341570936
0.104600499820721
0.104553109899079
0.10459304097473
0.104931710540808
0.104804174980349
0.104075355570112
0.104087796606508
0.104633584141818
0.104456249986495
0.104566281792107
0.103795226648871
0.104726330290879
0.104533299217937
0.104533288851749
0.104077636135432
0.104628489792216
0.104063977972141
0.104792385448823
0.104734535631692
0.104775510821136
0.104123044144372
0.103949104699706
0.104705251424164
0.104872193078584
0.103976926764176
0.10420451011894
0.103926471509113
0.104343194486738
0.104108322695886
0.104367130700283
0.105137614381626
0.104557332192136
0.10409624010141
0.104932242738365
0.104671405460628
0.10480870241878
0.104712294839488
0.104466674873496
0.104322591934878
0.104571834630346
0.105560597123281
0.104840365631977
0.104424244190943
0.1045618174668
0.104728525410436
0.104542249947637
0.104334505886519
0.104025619591935
0.105217574441888
0.104570968640483
0.104185242544809
0.103934139549754
0.104669760803569
0.103834593285008
0.105333998759887
0.105027217056022
0.104213251456382
0.104840139602487
0.104260239563895
0.105610367187449
0.104853662646386
0.104020752479866
0.104367580441082
0.104454174739248
0.104671488165412
0.104586162396322
0.104241034312233
0.103874951097047
0.103975616921904
0.104356259422938
0.104875496931985
0.104823771518402
0.104931710540808
0.10406484180974
0.10348382994186
0.104453312774931
0.104274756696125
0.104421922992185
0.10489732973064
0.10483711944502
0.105310113432165
0.104867062682326
0.10368811122054
0.104653296694988
0.104603815311784
0.104456684919375
0.104838960685268
0.105132213927124
0.104849442158356
0.104449954008991
0.104850705983205
0.104129715641755
0.105095529706553
0.104223381730188
0.105314797640126
0.105045019641399
0.104402203017975
0.104485489266225
0.104621705838149
0.104219447597427
0.105043433374801
0.104020752479866
0.105425644515007
0.103889666660185
0.104891714022208
0.103821588972204
0.104273988753855
0.105454504218452
0.104512062397968
0.105669819086943
0.104148712598842
0.104908444859425
0.104041762829655
0.10450854284415
0.104480049320653
0.104857674069083
0.104518842457618
0.104402149033022
0.104858749376502
0.105104278045988
0.10406484180974
0.104464933533725
0.104492429199899
0.10442334184059
0.104294084610483
0.104834845049131
0.104354063937
0.104523258927222
0.104948593196292
0.10500360635842
0.105340753221225
0.104771783560384
0.104434132383112
0.10459631892017
0.104494264938049
0.104093503783952
0.105527400028966
0.104255980721768
0.104703764221738
0.104564589757543
0.104841010478265
0.104066105273166
0.104410014878928
0.104271600698876
0.104672459806449
0.105147244958231
0.104688111120475
0.105107023534163
0.104807960192558
0.104413175049572
0.104905764547503
0.103691480219548
0.104243696208873
0.104323640674189
0.104290835542821
0.104666463692447
0.104078409272478
0.104354625227256
0.104353707512343
0.104542420334282
0.105215900376935
0.104511662138415
0.104726330290879
0.104388750283511
0.104794317781567
0.104337915829064
0.104849442158356
0.104808292561751
0.103849229764985
0.104484436722592
0.103816884237012
0.104616706300609
0.104504476773699
0.104208682202694
0.104388750283511
0.103892246600722
0.104630842171684
0.10459635079077
0.103708065412657
0.105168091371194
0.104522503206415
0.104106756777188
0.105276375396141
0.104809206306009
0.10405038495863
0.10452126166509
0.105236571549602
0.104476866490428
0.104098975040232
0.104651174101671
0.104925771387969
0.104463570121602
0.104449206997173
0.104741115841266
0.105014775567027
0.104108322695886
0.104807960192558
0.104662860602915
0.104846405864798
0.104294084610483
0.104193602715413
0.105133000157729
0.10507388268247
0.10511578922341
0.105081576166925
0.104997504650424
0.105458227142144
0.104517273787918
0.104234363798122
0.104705529131729
0.104192124035428
0.104623684477646
0.103584870215261
0.105505783501834
0.104282507143181
0.104125713508225
0.104021590037693
0.104025619591935
0.103819588430437
0.104507300176431
0.10439798016449
0.104985176445675
0.104195806084332
0.104842972939108
0.105165445942442
0.104123503739167
0.10498274719129
0.104821398878358
0.104199696407489
0.104356259422938
0.104933609097628
0.104332426098133
0.104351116523512
0.104740180152137
0.104404524370967
0.104807960192558
0.104356135452231
0.104342371754179
0.104195977837948
0.104533299217937
0.105008496846342
0.104372709584491
0.10483711944502
0.104129493010812
0.103691399458781
0.105121375320532
0.104911606007938
0.103892786425775
0.104700598478956
0.104952536570184
0.104528444164998
0.104922020974414
0.104909147300896
0.105396616456033
0.105226895711564
0.105041645060928
0.104408386760794
0.104657213695039
0.103956143765408
0.104653782757943
0.105347398131172
0.1052080835963
0.104675467012202
0.104641069997776
0.104580932068793
0.104075282685436
0.104022537622138
0.1050635741504
0.103237734487734
0.104734150202921
0.104822981131668
0.10437286449548
0.104511969637991
0.104984565501033
0.104335905526436
0.104672459806449
0.103957686599568
0.104177016518688
0.104493265370972
0.104401700819097
0.105016783089903
0.104719731038564
0.105075986922427
0.103926633456629
0.104151915395788
0.104681139609261
0.104049972898324
0.104604126248764
0.104390683905738
0.104342371754179
0.104955665545888
0.104969920832928
0.104167584577372
0.104447418969403
0.104463934780261
0.104542352161076
0.105321620757862
0.103978438205789
0.104920199264209
0.105247005583817
0.105105352927443
0.104295260990049
0.103923684238948
0.104591967835064
0.10496932680988
0.104522503206415
0.104746839544091
0.104534650704298
0.104717623043774
0.104192124035428
0.104407486947908
0.104410014878928
0.104879709487063
0.104088631909564
0.103926633456629
0.104570968640483
0.103987290935237
0.105146103650484
0.10319102055629
0.103368172586639
0.105095715430455
0.104814521897156
0.104490102847469
0.10478727538898
0.104827507943713
0.104650937787147
0.104095774112114
0.104091968321639
0.104669760803569
0.105555213511254
0.104725409278491
0.104641625727507
0.104596518850646
0.10450484007143
0.10379912206229
0.104867062682326
0.104803047013537
0.105041645060928
0.103946101137838
0.105043045649766
0.104443778418603
0.104749808292562
0.104534650704298
0.104597498212855
0.104688417910706
0.104268500760246
0.103874951097047
0.104745599087746
0.104047003451657
0.104401700819097
0.104968054601908
0.104759150280201
0.104092647141516
0.104171958631951
0.104456536765119
0.103828192652963
0.104206676774483
0.105171444996261
0.103782427754658
0.104762336680704
0.10472249253925
0.104248207240997
0.105329888909777
0.104924907511193
0.104955665545888
0.104213251456382
0.10477389105218
0.104077984316317
0.104714078430864
0.105125430377177
0.104859369701525
0.104791269913243
0.104217750331558
0.105068351149984
0.104849854227405
0.105133604602944
0.105645129914341
0.10406605201834
0.105030817789415
0.104840902660334
0.104868946625967
0.104010275223015
0.10510232620419
0.104823771518402
0.104677557315224
0.105378746635212
0.104820523625833
0.104519165343615
0.105019048051221
0.104115712643082
