"V1"
0.108118865207809
0.108939014202172
0.108247308624706
0.109296820863528
0.108047249907715
0.108251895889595
0.110302727101993
0.10854688400588
0.109175339295698
0.108506839881789
0.108717908034514
0.108006126427179
0.109808219946939
0.107943092010819
0.107179825101082
0.108586550355216
0.110253346544656
0.108932484095683
0.109158069592586
0.108382983729781
0.109910974680457
0.108737606289626
0.107781728222365
0.110187991511941
0.109470759154562
0.108332685719467
0.108493617765344
0.10873139999007
0.108089938455096
0.108847916518255
0.108358914081068
0.108206778790214
0.108978572615864
0.107269195814687
0.109079438475603
0.107061905409519
0.108979382133197
0.108379152014403
0.106897573390841
0.108869935389723
0.108516823928901
0.109257478321126
0.10800105345189
0.108372837779203
0.108548610976192
0.10837132668018
0.108312825560888
0.107508597074081
0.107928520698819
0.10880414861443
0.109271132180149
0.10754108570306
0.107564237898795
0.108266251330307
0.109550577563633
0.108609324776195
0.106985163166314
0.109099514505471
0.108401818499738
0.109464552855006
0.108477751225609
0.108918938172304
0.10768388456067
0.108653956165176
0.106656822935893
0.109781397939293
0.109798181932005
0.109066486198269
0.108667340185088
0.108316549340621
0.108725409561803
0.109237888001658
0.109176472619965
0.107324189025535
0.109359855279888
0.107578323500396
0.107965110882288
0.107665319629824
0.108949915702262
0.108366145769247
0.109237186419969
0.109954041002593
0.10763855159
0.109187050313121
0.108581423412105
0.110081351095223
0.109087047938537
0.107597913819864
0.108721308007314
0.10800105345189
0.108163064854211
0.108896001847858
0.108617042174774
0.107759709350897
0.106811062971814
0.109243446687347
0.107837908725302
0.109963107596727
0.108346015771556
0.109347820455532
0.108496801866855
0.108362044214757
0.107347718996026
0.108320111216888
0.107804070900766
0.108387517026848
0.108845703837544
0.108453735544719
0.107932244478552
0.109618738923104
0.108318168375288
0.10941349929518
0.108723250848914
0.110168671031584
0.107844115024858
0.109407346963447
0.109030327757378
0.107612431164043
0.107127746152634
0.108560645800548
0.108758545804649
0.107279989379133
0.107470171984656
0.107292995624289
0.107588577386619
0.108535928537969
0.109208907281123
0.108844948288033
0.109755493384624
0.108265711652085
0.107273998950866
0.108838202310255
0.108223238975993
0.108098519338829
0.108470033827031
0.110083617743756
0.108764644168561
0.106596702781933
0.108674787744555
0.107032924688983
0.107850105453125
0.106425408914189
0.108626972254063
0.109336001502464
0.108836043597366
0.108406081957694
0.107207780432995
0.108946191922528
0.107696836838004
0.10771081450396
0.107829705616323
0.107199253517083
0.108613588234151
0.108906309701903
0.108167652119101
0.107503470130969
0.107749779271607
0.10945688942425
0.107208428046861
0.108503385941166
0.108715749321624
0.108195499515369
0.108651257774065
0.107431153249187
0.109344366514909
0.107832889717835
0.108403113727471
0.108203378817414
0.109001131165554
0.108314930305954
0.108173156836968
0.108075960789139
0.108250168919284
0.107571307683507
0.109021477034533
0.107791496398188
0.107658789523335
0.110610829399079
0.108886503511147
0.109392613747979
0.10892320163026
0.107999758224156
0.108641867372998
0.108089452744696
0.108239321387016
0.107205999494861
0.108370894937602
0.10940378508718
0.107569472777551
0.108072614784161
0.109087965391515
0.109171615515965
0.108006234362824
0.108239483290483
0.108654549811221
0.108754282346694
0.107678056035869
0.109250678375525
0.108926493667416
0.108472948089431
0.108927357152571
0.108373971103469
0.108362691828624
0.108436411873784
0.109067133812136
0.108838040406788
0.109929755482591
0.107623062825021
0.107534717500038
0.108516230282856
0.10827650521653
0.109344096675798
0.108912677904926
0.109768283758492
0.108881430535857
0.109054235502624
0.107479346514434
0.107911790673929
0.109547555365589
0.108790440787585
0.108410561286938
0.110426637221823
0.107832188136146
0.109569358365768
0.107242319839219
0.10743681987052
0.107958958550554
0.109083593997915
0.108092528910562
0.10873528567327
0.109542212551188
0.109277770222283
0.108568956845171
0.109223802400057
0.109100863701027
0.108148277670921
0.108375644105958
0.108473811574587
0.10837979962827
0.109676214653775
0.108838634052832
0.108394532843737
0.108471814765164
0.1079833520062
0.109441886369671
0.107932892092419
0.108094363816518
0.108022046934736
0.108565502904548
0.108786177329629
0.108052107011715
0.108503547844633
0.107752099887963
0.108206023240703
0.107802451866099
0.107828086581657
0.108842303864744
0.109219970684679
0.10743293418732
0.108966915566263
0.109853283078497
0.108026688167447
0.109254564058726
0.108367548932624
0.106831840583371
0.108118487433053
0.107862302180948
0.108359507727113
0.109694995455909
0.109304592229929
0.107977739352688
0.108633664264019
0.107977253642288
0.108363663249424
0.107923609626996
0.107835156366368
0.106988455203469
0.108753742668471
0.109882911412899
0.107393375773629
0.10782306757419
0.108420005655828
0.107331636585003
0.107490248014524
0.108075960789139
0.108475808384009
0.108949429991862
0.108507865270411
0.109230278538724
0.108938204684839
0.106644302401136
0.110231975287055
0.109303836680418
0.107352252293093
0.107366445830338
0.107462778393011
0.107449394373099
0.109732880867112
0.109868663907832
0.109185269374988
0.109072206787425
0.109282357487172
0.108698749457623
0.109172317097654
0.107399528105362
0.110592696210811
0.108133652391098
0.107768668009386
0.108316495372799
0.108018916801047
0.108040126155181
0.10703017233005
0.109399413693579
0.108574191723927
0.109126012706184
0.109714100064977
0.107175129900548
0.108066246581138
0.107637364297911
0.107598615401553
0.108256051411906
0.109580259865858
0.108181413913768
0.109312741371085
0.110435272073379
0.108172131448345
0.109749448988535
0.107895276520328
0.108474243317165
0.110166566286517
0.108235219832527
0.109668767094308
0.107849295935791
0.110389129585376
0.108576728211571
0.106963468101779
0.107587012319774
0.109092228849471
0.108606842256373
0.108568417166948
0.110431548293645
0.108094795559096
0.109330712655886
0.108694701870956
0.109707192183732
0.107975202865044
0.107653932419334
0.109670709935908
0.109258881484504
0.110644667223615
0.107146580922591
0.106826389833326
0.108135433329232
0.107911790673929
0.107654849872312
0.108843868931588
0.109577129732168
0.107595485267864
0.109301354160595
0.109407131092158
0.108795513762874
0.10787860046326
0.10704204525094
0.107709195469293
0.108603658154862
0.108771012371584
0.11056695355961
0.108873335362523
0.107784264710009
0.107853073683347
0.108425618309339
0.107395912261273
0.107832997653479
0.107840499180768
0.107716750964405
0.107415664484208
0.107956583966376
0.108682127368378
0.10870133991309
0.108730104762337
0.108737930096559
0.10800202487269
0.107916108099707
0.108459294230408
0.106624334306913
0.107570983876573
0.109423375406648
0.108862487830256
0.107892847968327
0.109964780599216
0.107673684642269
0.108615423140107
0.107422248558519
0.109608107262126
0.106864922858395
0.108317358857955
0.108523192131923
0.107682319493825
0.109241287974458
0.108578994860105
0.109155587072764
0.108031869078381
0.11001459289913
0.108949969670084
0.109247764113125
0.108215089834837
0.106892068672974
0.110685682768506
0.108026904038736
0.107210910566684
0.108679644848555
0.1081525950967
0.11011448733807
0.108964001303863
0.106526976355618
0.108022424709491
0.108639276917531
0.108445856242674
0.10844407530454
0.107180472714948
0.108448446698141
0.108595023303306
0.107631373869644
0.109827108684718
0.10855924263717
0.109019318321644
0.108812513626875
0.107438169066076
0.108142287242654
0.108088157516962
0.108267330686751
0.10890210021177
0.108269327496174
0.10904274035649
0.108931242835772
0.107942714236064
0.106563080828687
0.108948026828484
0.108356971239468
0.10756337441364
0.107023642223561
0.107643030919245
0.107828734195523
0.109027089688044
0.107721284261472
0.109140422114718
0.108933887259061
0.107599316983242
0.108182223431101
0.107815458111256
0.107331906424114
0.108801774030252
0.108278124251196
0.108869989357545
0.109058175153646
0.108924496857993
0.109269297274193
0.107592517037641
0.109252459313659
0.109485978080429
0.109263792556326
0.107098333689521
0.10958565664808
0.10669481628274
0.109874546400454
0.108930649189727
0.109332439626197
0.109367518710644
0.10718025684366
0.10918775189481
0.109430984869581
0.108374564749514
0.108541001513258
0.108535820602324
0.107899917753039
0.110552490183253
0.107740442838362
0.109418248463536
0.107722471553561
0.107087755996365
0.108660054529088
0.109530771372877
0.108362044214757
0.107579510792485
0.109366385386377
0.107959876003532
0.108557731538148
0.108466741789875
0.108896811365192
0.109125850802717
0.108305270065776
0.108860706892123
0.108796269312385
0.108159772817056
0.108600851828106
0.108175585388968
0.107286735356911
0.108192585252969
0.107744544392851
0.108345098318579
0.106947007916
0.108137861881232
0.109710969931288
0.107466178365811
0.10855875692677
0.108159233138833
0.108633772199664
0.108603172444462
0.109145387154363
0.109796400993871
0.108517363607123
0.109034537247512
0.107644110275689
0.108333926979378
0.109281008291616
0.109873844818765
0.107716966835694
0.108580991669527
0.107518365249903
0.108776031379051
0.109581069383191
0.109046733975335
0.109510695343009
0.107324890607224
0.108440081685696
0.107488736915501
0.108787472557362
0.107960361713932
0.109163628278275
0.107923285820063
0.109126552384406
0.106936106415911
0.106902322559197
0.107747026912674
0.108830862686432
0.107412588318341
0.10970762392631
0.107757820477119
0.108100030437852
0.108553683951481
0.109043118131245
0.109278957514372
0.108582124993794
0.109947241056992
0.107668503731335
0.10911694611205
0.108563182288192
0.107414908934697
0.108575271080371
0.108859465632211
0.108367225125691
0.108952452189906
0.109396499431179
0.107556574468039
0.107214148636017
0.108134246037143
0.108462586267564
0.108439056297073
0.10745306418501
0.107397747167229
0.108625946865441
0.108433227772273
0.108433011900984
0.108072398912872
0.107925282629485
0.109656894173418
0.109241449877925
0.107867591027526
0.109016026284488
0.10858082976606
0.109138425305296
0.106601451950289
0.109592888336258
0.109416629428869
0.108643162600731
0.109308208074018
0.107699049518715
0.108554439500992
0.106544138123085
0.108411856514672
0.108703336722513
0.107136219100723
0.108523623874501
0.108874198847679
0.107106590766321
0.107823337413301
0.109151107743519
0.108907604929637
0.10812302073012
0.107896571748061
0.107999488385045
0.108402628017071
0.107893657485661
0.108752555376382
0.107674817966536
0.109535250702121
0.108884776540835
0.107596996366886
0.107460673647944
0.109697100200976
0.108631883325886
0.109109228713472
0.109147060156852
0.109091149493026
0.107805096289388
0.108707654148291
0.108689844766956
0.109830778496629
0.108097224111096
0.109024337329111
0.109002372425465
0.108490649535121
0.106743495258387
0.109625538868705
0.108669552865799
0.109539568127899
0.109179818624943
0.108456811710586
0.107829111970279
0.106862224467284
0.109502384298386
0.108429288121251
0.108172671126567
0.108189023376702
0.110335485570084
0.109315871504774
0.108280552803197
0.108614019976729
0.107448530887943
0.108832697592388
0.108839443570166
0.107793655111077
0.107654040354979
0.107749401496852
0.109428934092337
0.108462748171031
0.110360040929196
0.108956068033995
0.109114625495694
0.109290182821395
0.108324320707022
0.107921019171529
0.108041151543804
0.108138887269854
0.106988077428714
0.10950103510283
0.108110284324075
0.109305617618551
0.108449202247652
0.109196170875077
0.109717715909066
0.107394563065718
0.108778244059762
0.109382575733045
0.107959282357487
0.107583666314796
0.109174152003609
0.108379098046581
0.107751290370629
0.108518388995745
0.10837979962827
0.106466208587792
0.106523576382818
0.108985912239686
0.109271563922727
0.107868778319615
0.108869503647145
0.109066540166091
0.107506870103769
0.108672089353444
0.107289055973267
0.107822905670723
0.109505838239008
0.109512584216787
0.109642538732706
0.107472114826256
0.109980809042417
0.108728593663314
0.107851508616503
0.106921211296976
0.108466957661164
0.109348252198109
0.107793870982365
0.108215953319992
0.107390461511229
0.109277068640594
0.107544809482794
0.107717074771338
0.109139774500852
0.107691008313203
0.109214304063345
0.108975064707419
0.108168947346834
0.10901753738351
0.10819236938168
0.108282765483908
0.108279041704174
0.109636170529683
0.108102674861141
0.106232581885377
0.11004200855282
0.10680976774408
0.108359399791468
0.107524193774704
0.108572680624904
0.108127607995009
0.108238026159283
0.109172047258543
0.107526190584126
0.109154993426719
0.109260770358282
0.10710777805841
0.109828026137696
0.107664348209024
0.108318168375288
0.108603172444462
0.110216918264654
0.108705927177979
0.107972882248688
0.107023966030494
0.10840478672996
0.108293181273597
0.107102327308366
0.109062924322002
0.107370007706605
0.107951133216331
0.108795189955941
0.109072044883958
0.107273729111754
0.107877898881571
0.108304730387554
0.108734368220292
0.108178769490479
0.109624621415727
0.109734176094845
0.1067733934319
0.109713830225866
0.109145926832585
0.108140182497588
0.109073340111692
0.108500633582233
0.107623548535421
0.107914650968507
0.108109366871097
0.108107639900786
0.107317550983402
0.109128063483429
0.107483394101101
0.107852857812058
0.108758599772472
0.108152433193233
0.109133730104762
0.109366655225488
0.107622415211154
0.108420383430583
0.107458460967233
0.108959468006796
0.108609864454418
0.10917998052841
0.107756309378096
0.107566450579506
0.107809089908233
0.107277452891488
0.108056532373138
0.107323271572558
0.108357834724624
0.108521303258145
0.107866187864148
0.111441178311843
0.107991986857756
0.106941233359022
0.108655305360732
0.108924874632749
0.107342268245981
0.108789577302429
0.107168761697525
0.106537608016596
0.107430397699676
0.108031221464514
0.107626031055244
0.108571817139749
0.108977709130708
0.10838174246987
0.108248711788083
0.107436226224476
0.109434438810204
0.108277206798219
0.109728347570045
0.10869745422989
0.110081944741267
0.109158825142097
0.109052184725379
0.108787688428651
0.108616880271307
0.108571223493704
0.108638737239308
0.107718531902538
0.109340588767353
0.108167760054745
0.108736472965359
0.108169109250301
0.109491266927007
0.108163172789856
0.10709709242961
0.108835611854788
0.107387709152295
0.107238596059485
0.10813273493812
0.107700398714271
0.10791594619624
0.110004554884196
0.108795135988118
0.107452362603321
0.108293505080531
0.10987978127921
0.108806307327319
0.108258156156973
0.109549336303722
0.10852675400819
0.107244586487753
0.108906687476659
0.108259235513417
0.108782615453362
0.109115057238272
0.108818126280387
0.109501197006297
0.106987321879203
0.108360695019202
0.11002986579282
0.109145603025652
0.108670686190066
0.109012302504755
0.108135973007454
0.109627157903372
0.108194582062391
0.107262557772554
0.10856264260997
0.109409343772869
0.107754474472141
0.107717182706983
0.108686660665445
0.108913379486615
0.107725223912494
0.109582796353502
0.108702095462601
0.107323541411669
0.108714076319135
0.106739339736076
0.11092049676301
0.10842998970294
0.106746787295543
0.109609294554215
0.10911646040165
0.108019456479269
0.108024691358025
0.108692812997179
0.108768853658695
0.108710892217624
0.108434469032184
0.109678427334486
0.107392296417184
0.109546799816078
0.108230092889416
0.107852210198191
0.108642514986864
0.108447583212985
0.108818881829898
0.109337674504953
0.109188021733921
0.108299441540976
0.109140152275607
0.108457135517519
0.10834585386809
0.108114385878564
0.1097248396616
0.107325106478513
0.109026442074178
0.108835881693899
0.108880782921991
0.108951588704751
0.107777626667876
0.107971748924421
0.109210310444501
0.10720378681415
0.105652103989517
0.10861331839504
0.108247362592528
0.108645591152731
0.109035670571778
0.108064519610827
0.109619278601327
0.107274430693443
0.110010653248107
0.108297444731553
0.108931890449638
0.108106452608697
0.108307752585598
0.108761136260116
0.106732054080075
0.108488544790054
0.107481451259501
0.109187158248766
0.106995524988181
0.109439997495893
0.109045870490179
0.108117947754831
0.107280583025177
0.108816075503142
0.108310720815821
0.107221110485084
0.108106452608697
0.109104533512938
0.107354411005982
0.107784858356054
0.107299147956023
0.10776100457863
0.109346471259976
0.108827246842343
0.109417061171447
0.108480395648898
0.108702473237357
0.107953885575265
0.10848697972321
0.108403707373516
0.109801959679561
0.108488706693521
0.108491135245521
0.108482068651387
0.108610296196995
0.107848108643702
0.107764728358364
0.108533877760724
0.1083393237616
0.108245635622217
0.108391294774404
0.107714808122805
0.108086916257051
0.108692381254601
0.107799591571521
0.106999032896626
0.109090178072226
0.108592594751305
0.107967053723888
0.10823311508746
0.109051051401113
0.107651665770801
0.108991632828842
0.107416096226786
0.106637502455536
0.107197580514594
0.10736407124616
0.10888391305568
0.107656414939157
0.10831385094951
0.107401309043496
0.108678565492111
0.107844222960502
0.108246013396972
0.107664240273379
0.108368304482136
0.109145495090008
0.107681725847781
0.107761220449919
0.107857175237836
0.108407431153249
0.10784076901988
0.109571463110835
0.107410915315852
0.108148385606566
0.107721176325827
0.108468144953253
0.108876789303146
0.108185245629146
0.109344096675798
0.109142418924141
0.107744652328496
0.107188621856105
0.107502822517102
0.107084895701787
0.108342561830934
0.1093688679062
0.109219646877746
0.108798104218341
0.107371356902161
0.109647503772351
0.108140020594121
0.108502522456011
0.109387972515267
0.109733420545334
0.10853911263948
0.109162333050542
0.108251248275728
0.108393075712537
0.109607513616082
0.108134300004965
0.10840478672996
0.107446642014165
0.108215791416526
0.108145525311988
0.108176556809768
