"V1"
0.108866265577812
0.109859435410231
0.1093678964854
0.107741738066095
0.10875687280216
0.108139804722832
0.10929444627935
0.107860089500236
0.108385412281781
0.109228551568413
0.10805561492016
0.107444645204743
0.107537523826794
0.109212685028678
0.108386977348626
0.10876048864625
0.108574245691749
0.109153536295519
0.107814378754811
0.109434168971093
0.108519090577434
0.109359153698199
0.108296419342931
0.108498636772811
0.108245311815283
0.109553491826034
0.109039124512401
0.109164006053031
0.109570923432613
0.108137592042121
0.109100485926271
0.109006743819065
0.108481097230587
0.107470603727234
0.109775839253603
0.10959704385857
0.109501898587986
0.109031784888578
0.108465122755208
0.107696405095426
0.108929893640216
0.10940718505998
0.109006743819065
0.108944518920039
0.109134269782985
0.109031245210356
0.107955126835176
0.109310528690374
0.109592510561503
0.109115866755606
0.108478075032543
0.109214304063345
0.109086562228137
0.108031923046203
0.109771899602581
0.10849329395841
0.107040264312806
0.109369947262644
0.10897679167773
0.108711701734958
0.108197604260436
0.109585602680258
0.109186348731432
0.109722465077422
0.107703906622715
0.108260530741151
0.108830161104743
0.108795351859407
0.108206293079814
0.109306966814107
0.109616364338927
0.108799615317363
0.109447984733582
0.109422188114559
0.108675111551489
0.108783910681095
0.110214228503207
0.109748801374668
0.109384356671178
0.108576566308104
0.109032432502445
0.107643462661823
0.108849319681633
0.108328206390222
0.109196170875077
0.107832026232679
0.109801150162227
0.108316225533688
0.109578317024257
0.109003127974976
0.108839227698877
0.108181036139012
0.10938948361429
0.110126414226781
0.109738709391912
0.109672436906219
0.109203564466722
0.109037019767334
0.108796916926252
0.108999188323954
0.108054211756782
0.108105265316608
0.109187320152232
0.109789169305693
0.110004069173796
0.109346741099087
0.109092228849471
0.109779455097693
0.109551333113145
0.109069238557203
0.108816831052653
0.109882155863388
0.109448362508338
0.108642946729442
0.107925120726018
0.109010845373554
0.109046841910979
0.108524217520546
0.109063086225469
0.109733150706223
0.109758245743558
0.109092768527693
0.109388080450912
0.108622438956996
0.107677624293291
0.108897512946881
0.10890355734297
0.108284006743819
0.108683422596111
0.108976683742086
0.108591515394861
0.108848941906877
0.109533145957055
0.108728701598959
0.108762971166072
0.109236053095702
0.108094633655629
0.108757520416027
0.109736820518134
0.108547315748458
0.10956066954639
0.108186055146479
0.108790170948474
0.108817586602164
0.109515498479187
0.109007661272043
0.107816321596411
0.109366331418555
0.109639192727728
0.108762053713094
0.110355669535596
0.107753071308763
0.108388218608537
0.109349493458021
0.108410507319116
0.108451414928363
0.109463581434206
0.109612748494837
0.109295849442728
0.109188939186899
0.108771444114161
0.108339215825956
0.109804550135027
0.108700044685357
0.109092552656404
0.108166842601767
0.108481043262765
0.10925078631117
0.109895324012011
0.107451283246877
0.109609834232437
0.109137453884496
0.108589950328016
0.108027875459536
0.108549258590058
0.109649122807018
0.108738631678248
0.108929353961994
0.108055183177582
0.109379175760245
0.108231280181505
0.108491998730677
0.109060873544758
0.109118565146717
0.108362421989513
0.109405134282735
0.10875152998776
0.108843113382077
0.109062600515069
0.108697076455134
0.108605007350417
0.109813616729161
0.109703954114399
0.1088591957931
0.108884074959146
0.107750372917652
0.107901968530283
0.109089476490537
0.109306481103707
0.109422080178914
0.108565718775837
0.108418710428094
0.109196494682011
0.108020643771358
0.109443397468693
0.108720336586514
0.108234410315194
0.109107123968405
0.108986074143153
0.109309503301751
0.10843193254454
0.109094171691071
0.10966396395813
0.108979490068841
0.108591137620105
0.10811260494043
0.10800979623909
0.108811758077364
0.109671303581952
0.109786309011115
0.109862241736987
0.108800964512919
0.10840478672996
0.107683614721558
0.109406753317402
0.109232221380324
0.108704416078957
0.107957555387176
0.108654010132998
0.109551495016611
0.109093092334626
0.109665744896263
0.108412180321605
0.109316627054285
0.109844000613074
0.109534279281321
0.10801389779358
0.106802536055902
0.109536330058566
0.109440105431537
0.108643486407664
0.108247794335106
0.108978788487152
0.109356185467977
0.109255103736948
0.109314414373574
0.109082730512759
0.109588678846125
0.109503625558297
0.109126930159162
0.109324236517219
0.109753388639558
0.108627565900108
0.108013304147535
0.109002372425465
0.109574593244524
0.108861894184212
0.109532930085766
0.109732449124534
0.108739926905982
0.108555302986148
0.109889441519388
0.109108796970894
0.109679236851819
0.109355160079354
0.109169348867431
0.109229522989213
0.109668065512619
0.107555818918528
0.109353648980332
0.107952158604953
0.10925418628397
0.10838902812587
0.109366331418555
0.10860360418704
0.10983903557343
0.110015024641708
0.109357588631354
0.108236622995905
0.108440513428274
0.10860797558064
0.108346555449779
0.108292047949331
0.107904720889217
0.108019294575802
0.108444938789696
0.110252213220389
0.108103106603719
0.108939014202172
0.108655952974598
0.108980245618353
0.109678373366664
0.108363015635557
0.108788551913807
0.109012626311688
0.108472948089431
0.109222453204501
0.109651335487729
0.108860005310434
0.107838286500057
0.108677702006955
0.108486386077165
0.109615500853771
0.108338082501689
0.10808907496994
0.108370247323736
0.108711323960202
0.107730242919961
0.108935992004127
0.108316873147555
0.109460667171805
0.107806553420589
0.108068783068783
0.108120700113764
0.108501820874322
0.10878304719594
0.108767936205717
0.109252513281481
0.108660540239488
0.110469055930092
0.109212631060856
0.107300551119401
0.109372429782467
0.108757682319494
0.108003751843001
0.108457621227919
0.108566798132282
0.107831540522279
0.10814995067341
0.109184729696766
0.109931320549436
0.109531257083277
0.109595640695192
0.109456727520783
0.108546668134591
0.109862997286498
0.108475052834498
0.108169972735456
0.110309527047593
0.10792177472104
0.109417007203625
0.108540623738502
0.109066432230447
0.108731238086603
0.108623410377796
0.109778105902137
0.109316627054285
0.108419196138494
0.10949666370923
0.109284408264416
0.108890389194347
0.108515474733345
0.108679968655489
0.108815643760564
0.108909493803415
0.109083540030092
0.109124285735873
0.109319811155796
0.109061844965558
0.109815829409873
0.108888608256213
0.110040875228554
0.107549882458083
0.108811002527853
0.108263498971373
0.109449819639538
0.109027251591511
0.108636632494242
0.108779485319673
0.108295501889953
0.108315901726754
0.110072338468911
0.107589980549997
0.109048514913468
0.110177090011851
0.109384032864245
0.109245065722014
0.109137238013207
0.109369947262644
0.108860275149545
0.108540407867213
0.109580151930213
0.108401764531915
0.108967779051418
0.108796053441096
0.108747212561982
0.10928133209855
0.107165631563836
0.110823300715182
0.109968180572016
0.109354998175888
0.109127253966095
0.109207989828145
0.108862217991145
0.108933239645194
0.109298331962551
0.109132974555251
0.108981810685197
0.108190534475724
0.109813077050939
0.109070911559692
0.109323426999886
0.108034459533848
0.10871904135878
0.107923339787885
0.109155587072764
0.109554409279011
0.109261094165215
0.107114362132722
0.109432226129493
0.107762839484586
0.109459210040605
0.110250648153545
0.107820315215256
0.107333741330069
0.108393507455115
0.109138749112229
0.109335677695531
0.1095434538111
0.109581716997058
0.10927383057126
0.109313388984952
0.108767234624028
0.108519846126945
0.108836421372121
0.109488838375007
0.108837230889454
0.108286597199286
0.108736041222781
0.109108850938716
0.109377988468156
0.108509700176367
0.108725031787047
0.107867537059704
0.107630942127066
0.108860598956478
0.108971664734619
0.107466664076211
0.10962203096026
0.109626510289505
0.107030550104806
0.108421246915739
0.10914409192663
0.110306990559949
0.109609078682926
0.109041499096579
0.106900595588886
0.108258749803017
0.109540053838299
0.108928652380305
0.109702550951021
0.107373947357627
0.109458292587628
0.109323265096419
0.108859411664389
0.110181947115852
0.107714592251516
0.107829975455434
0.109900774762056
0.10853911263948
0.108222267555193
0.110333542728484
0.108117246173142
0.108316495372799
0.109252189474548
0.109351436299621
0.10837569807378
0.108629832548641
0.109353271205576
0.108622708796107
0.109005988269554
0.108272295726396
0.109158231496053
0.109162009243609
0.108545588778147
0.108501658970855
0.109037559445556
0.108942198303683
0.108815481857098
0.109874114657876
0.109135996753296
0.109031892824222
0.10797099337491
0.109620627796882
0.10856069976837
0.108743488782248
0.108839821344921
0.110089608172024
0.108558595023303
0.109701633498043
0.109889279615922
0.108795729634163
0.109536330058566
0.108141153918388
0.108808843814964
0.10911208900805
0.108815481857098
0.108587629711661
0.109172856775876
0.108902316083059
0.109505082689497
0.107372760065539
0.109510209632609
0.109228605536235
0.108585039256194
0.109105666837205
0.110028246758153
0.108192315413858
0.108871608392212
0.109315008019618
0.109305725554196
0.109537355447188
0.10943362929287
0.109541241130388
0.10927431628166
0.109592024851103
0.109481714622473
0.108186540856879
0.108243746748439
0.107546320581816
0.109298655769484
0.108998162935331
0.108693028868467
0.109581123351013
0.108622492924819
0.108603981961795
0.10980217555085
0.109928568190502
0.109299950997217
0.109903257281878
0.107431153249187
0.105935596959669
0.110419675372756
0.109370648844333
0.109351975977843
0.108416335843916
0.109623272220171
0.10862567702633
0.109785769332893
0.109064867163602
0.108795135988118
0.109254618026548
0.109418680206114
0.107976066350199
0.109233354704591
0.109276205155438
0.107844115024858
0.10965160532684
0.108654010132998
0.10940912790158
0.108744945913449
0.108557407731214
0.107950485602464
0.108866643352567
0.108393237616004
0.109403407312424
0.10968895105982
0.109310474722551
0.109099676408938
0.10872945714847
0.108912947744037
0.109053210114002
0.109095628822271
0.108284006743819
0.107173348962415
0.107863219633925
0.109262821135526
0.108667124313799
0.109915130202768
0.108432310319295
0.109367248871533
0.108293127305775
0.109499524003808
0.108693838385801
0.109222075429746
0.109471406768428
0.10890938586777
0.109152618842541
0.108414986648361
0.108979813875775
0.108730752376203
0.108091557489762
0.10967222103493
0.109257424353304
0.108849319681633
0.108472408411209
0.108724276237536
0.109055045019957
0.107625383441377
0.109649446613951
0.109353918819443
0.107933971448863
0.109732988802756
0.108559404540637
0.108839443570166
0.10906189893338
0.107406382018785
0.109348791876332
0.108159610913589
0.109439889560249
0.109728347570045
0.106818780370392
0.10843193254454
0.109750960087557
0.109406267607002
0.109467305213939
0.108960115620662
0.108472894121609
0.108078227437673
0.109343503029754
0.109754144189069
0.10943724513696
0.10731895414678
0.109435841973582
0.10870884144038
0.109320458769663
0.107203948717617
0.108526322265612
0.108413043806761
0.109648043450573
0.109341182413398
0.109283652714905
0.109004315267065
0.108373161586136
0.109709728671377
0.109476587679362
0.108051567333493
0.109139936404318
0.108401494692804
0.10891640168466
0.109709782639199
0.109089908233115
0.109899533502145
0.109042686388668
0.109416953235803
0.109558456865678
0.108952829964662
0.108714292190424
0.108864106864923
0.109671303581952
0.109856629083475
0.107526838197993
0.109863105222142
0.108847160968744
0.109097517696049
0.108506839881789
0.109535574509055
0.108321892155021
0.107623386631955
0.108422380240006
0.108855364077722
0.108690762219934
0.108602740701884
0.109131625359696
0.108051189558737
0.109634011816794
0.108575756790771
0.109185053503699
0.108310073201954
0.10977162976347
0.109708433443644
0.109575240858391
0.108508836691211
0.108625029412463
0.108149572898655
0.109788695603366
0.109507133466742
0.107948542760864
0.109843838709608
0.108416066004805
0.108991956635775
0.108267384654574
0.107979142516066
0.109809731045961
0.109037343574267
0.108185677371724
0.109750096602402
0.109032648373734
0.108371542551469
0.108597775662239
0.108148385606566
0.109920742856279
0.10851849693139
0.109690678030131
0.108306727196976
0.108376075848536
0.109387378869223
0.108681155947578
0.109002102586354
0.109802013647383
0.109166542540676
0.108909277932126
0.109162009243609
0.108623626249085
0.10959002804168
0.107934834934019
0.109284462232239
0.109172910743698
0.108855364077722
0.108512776342234
0.10910820332485
0.109242907009125
0.109500981135008
0.11057423921561
0.108366901318758
0.109173990100143
0.108471436990409
0.108972312348485
0.109485384434385
0.108232413505771
0.109399251790113
0.107632021483511
0.109183434469032
0.109109768391694
0.109426613475981
0.10899449312342
0.109388943936068
0.108302571674665
0.108965674306352
0.108548179233614
0.108840576894432
0.108947649053728
0.108837068985988
0.108768313980472
0.109474482934295
0.10898526462582
0.109000159744754
0.109263792556326
0.108084271833762
0.109281547969838
0.108823091320031
0.108878408337813
0.109374480559711
0.107632021483511
0.109784582040804
0.108481043262765
0.107558733180928
0.10969332245342
0.109213170739079
0.109358667987799
0.109573945630657
0.109088127294982
0.108339269793778
0.108785044005362
0.108564639419393
0.109821711902495
0.109146466510808
0.108973985350974
0.107919454104685
0.108272457629863
0.108832157914165
0.108984131301553
0.108187242438568
0.107982920263622
0.109552844212167
0.109041391160934
0.109876489242054
0.107328614386958
0.108885801929458
0.108404624826493
0.107750966563696
0.107872448131526
0.109012248536932
0.107653770515868
0.109384302703356
0.108836961050343
0.109165840958987
0.107681779815603
0.108726650821714
0.108846729226166
0.109226770630279
0.109266383011793
0.108338136469511
0.108412180321605
0.108996058190265
0.108335977756622
0.108307104971732
0.10880754858723
0.10905148314369
0.109514419122742
0.107879463948415
0.109046356200579
0.10825637521884
0.110008440567396
0.10848357975041
0.109258179902815
0.109405673960958
0.109512206442031
0.11014287441256
0.108667825895488
0.108490919374232
0.107937857132064
0.108158963299722
0.10863344839273
0.109395204203446
0.109397578787624
0.108528373042857
0.109257532288948
0.108974686932663
0.109137130077563
0.107195421801705
0.109642538732706
0.107773093370809
0.109935745910858
0.107165739499481
0.10854785542668
0.109205399372678
0.107912006545217
0.108133598423276
0.109125041285384
0.108957741036484
0.107335576236025
0.109312201692863
0.109752579122224
0.108336949177422
0.109030543628667
0.109713830225866
0.110021446812552
0.108925468278793
0.109434061035448
0.108766209235405
0.109348899811976
0.10834731099929
0.10914409192663
0.109814210375206
0.107478644932745
0.109575078954924
0.108294422533509
0.10861720407824
0.108979382133197
0.108725625433092
0.1090294103044
0.107741144420051
0.109523755555987
0.108764752104205
0.107795759856143
0.108301870092976
0.109384788413756
0.108337920598223
0.108196848710925
0.108999080388309
0.109657865594218
0.10970616679511
0.108651581580998
0.107855556203169
0.108922661952038
0.108831564268121
0.108727190499936
0.108318546150043
0.109373185331978
0.10973914113449
0.107501635225013
0.109968936121527
0.109515498479187
0.107773255274275
0.109537787189766
0.108919855625282
0.108854932335144
0.108582178961616
0.10767055450858
0.109562558420168
0.108417846942939
0.109512746120253
0.108734368220292
0.11005145292171
0.109394988332157
0.109931590388547
0.108616286625263
0.107998894739001
0.109361204475444
0.1085071097209
0.108835288047854
0.107996897929578
0.108986343982264
0.108339863439823
0.10870376846509
0.107303357446156
0.109287592365928
0.108066840227183
0.109168539350098
0.10739461703354
0.109077549601825
0.109564663165234
0.108752393472916
0.107086460768631
0.108642514986864
0.110032132441353
0.108793840760385
0.107302817767934
0.109093793916315
0.109171939322898
0.107416258130252
0.109312363596329
0.109272643279171
0.108599718503839
0.1083315523952
0.107848594354102
0.108311692236621
0.109645884737684
0.109271995665305
0.108618985016374
0.107806553420589
0.109264925880593
0.108815481857098
0.109492670090385
0.108670092544022
0.109623164284527
0.109654465621418
0.108551039528192
0.108582178961616
0.10958225667528
0.109393477233135
0.109457213231183
0.109279335289127
0.10976218539458
0.109617119888438
0.10948041939474
0.110134941142693
0.10858930271415
0.108606572417262
0.108179363136523
0.109765801238669
0.109790248662138
0.107929060377041
0.107317550983402
0.108253191117328
0.109499631939452
0.108931188867949
0.10877457424785
0.109351868042199
0.109621383346394
0.10777093465792
0.10805804347216
0.1086773242322
0.110615794438724
0.109562720323634
0.10888634160768
0.108914296939593
0.10915429184503
0.108471976668631
0.108788551913807
0.107875308426104
0.109357426727888
0.108319948706656
0.108442510237696
0.108838418181543
0.108599664536017
0.108961464816218
0.109145980800408
0.109442911758293
0.109087209842004
0.109700985884176
0.10953886654621
0.108547801458858
0.108398202655649
0.109379553535
0.109645560930751
0.108480233745432
0.108261772001062
0.10905148314369
0.108532096822591
0.107724198523872
0.106685425881672
0.108599664536017
0.109340049089131
0.109809569142494
0.109150783936586
0.109034807086623
0.109417816720958
0.109271240115793
0.108476995676098
0.108160744237856
0.109494774835452
0.109968234539838
0.108386437670403
0.109454514840072
0.109437568943893
0.109243986365569
0.109458184651983
0.109376909111711
0.109833422919918
0.108191290025235
0.108155725230389
0.108421570722672
0.108431662705429
0.108783802745451
0.109319001638463
0.109490727248785
0.108162741047278
0.108401278821515
0.109524187298565
0.108135433329232
0.108544995132102
0.109019857999866
0.109615500853771
0.109446743473671
0.109232545187258
0.109997700970773
0.108030142108069
0.108286651167108
