"V1"
0.116688686536361
0.115583640410242
0.112132128339799
0.116198118034103
0.115869309914554
0.114260024437738
0.118804709879781
0.11589735536084
0.117414013068848
0.11399330336904
0.116727704273604
0.11264282584152
0.115347099445427
0.117018320996289
0.114036382947032
0.115549262907484
0.116527483653147
0.116317602792511
0.116462614330831
0.113614300609405
0.114055703427388
0.114931115471711
0.113249930911792
0.118206638473876
0.113548028123712
0.117028143139934
0.118669412549462
0.11795040348173
0.11823993662019
0.120133721469911
0.119770367683729
0.115659087425713
0.116222943232327
0.114646003466893
0.112882335036558
0.116390621255982
0.113049095607235
0.117241154134259
0.115667560373803
0.115303169638135
0.118218781233877
0.114857881136951
0.114780459740338
0.114434773410702
0.119311251859191
0.116920423366772
0.118830236659694
0.116497693415278
0.114727710749743
0.114969324689847
0.114354751649016
0.118771701951232
0.115305112479735
0.114230181396644
0.11621063856886
0.112499649209156
0.112914499858604
0.116620092436086
0.112407903911372
0.115898704556395
0.121991401846563
0.118652088878527
0.11199952940059
0.117092330177152
0.114816110042548
0.113563462920868
0.11853406125132
0.115967513529733
0.113613167285138
0.116372757906826
0.113654830443896
0.112103903168775
0.114448481237547
0.1161446898901
0.114384102085843
0.119029539827173
0.113177326874172
0.118625374806525
0.120251803686385
0.116521870999635
0.114193591213175
0.11451183946084
0.113039867109635
0.115989640336846
0.116785341907741
0.119084964780599
0.115247906588176
0.116578753084261
0.114186413492819
0.113403016585391
0.115753746985897
0.119465222056001
0.114780936404304
0.113837943264708
0.11362946556745
0.115188002305505
0.117693674323621
0.121603443027481
0.117629074840417
0.118249758763835
0.117213576577102
0.114733971017121
0.120904274035649
0.114191324564642
0.114995984794026
0.118254885706946
0.114900407780865
0.116095337400533
0.118896509145387
0.116795811665253
0.118518146706477
0.115141589978391
0.114841151112061
0.116043392287782
0.120409766880595
0.115237652701953
0.114082039724635
0.117792111631361
0.115564967543752
0.115818724243857
0.117069482491759
0.114700942709919
0.11321094510609
0.115746623233363
0.115163446946393
0.115964923074266
0.117329175652309
0.116941200978329
0.114415237059056
0.113567024797135
0.114772558010012
0.116786745071119
0.115626821496574
0.114106325244636
0.113851866962842
0.116240536742373
0.117443047757205
0.114448481237547
0.119401717981598
0.112239839715357
0.118402379765089
0.118328335912995
0.116691599800535
0.117125501091229
0.117175691165899
0.115492596694147
0.113352664607255
0.115075965106565
0.11537942617094
0.116553388207815
0.118652088878527
0.119034774123631
0.116583124477861
0.11324343373507
0.113255252688137
0.118844484164762
0.116120134530987
0.116394291067894
0.113852190769775
0.119353778503105
0.116766574692989
0.11729258546884
0.114504715708306
0.113991697590229
0.113624824334739
0.113398483288324
0.115030362296784
0.115525840872638
0.116356405656691
0.113780251662749
0.114757069245033
0.119235535004609
0.113353959834988
0.113039867109635
0.116622139176204
0.112971004168475
0.11355817407429
0.113917815641602
0.118161035664096
0.117086536323582
0.113065987535592
0.11425748911469
0.116024773389114
0.115514993340371
0.115290271328623
0.11466386681605
0.118310418596016
0.115325296445247
0.115016816373406
0.115549802585706
0.118539242162253
0.117988662439907
0.115751343380894
0.115665671500025
0.11416218194064
0.116322567832156
0.116733748669693
0.115236789216797
0.117820120931096
0.116601635440885
0.113096155548216
0.117118323370873
0.119449895194489
0.114099417363391
0.115964923074266
0.114750776092466
0.114620854461736
0.116669472993422
0.116116680590365
0.114281612731225
0.117687468024065
0.11348931113313
0.119969659290345
0.116785401258155
0.114005567320541
0.114453338341547
0.116228933660594
0.114523388574796
0.115999732319602
0.120022871563059
0.114335202778695
0.11442576078439
0.111935037853031
0.117020803516112
0.115922288494708
0.115143032006528
0.113562005789668
0.118084131517424
0.117697667942466
0.114119331489793
0.118680206113907
0.116900725111659
0.118743402433733
0.116407621119983
0.118486893374694
0.114912982283443
0.116367145253314
0.115991360047669
0.114708660108497
0.11366049706523
0.117218703520213
0.115051910957973
0.116313501238022
0.119143196060781
0.11812136931476
0.116251114435529
0.113209380039245
0.113398753127435
0.115524221837971
0.117845053516919
0.11643978594203
0.115045095512252
0.115271382590844
0.117209690893901
0.116354300911624
0.112935061598872
0.11928502349759
0.114723609195253
0.112948229747495
0.115008181521849
0.115290649103379
0.119060625882414
0.116767910301162
0.117905880219431
0.116662295273066
0.117815263827096
0.115679919005092
0.118467950669093
0.116520090061502
0.112815846679576
0.1156223893066
0.112601464105454
0.117751365925581
0.118790678246003
0.112650165465343
0.115128367861946
0.112190413587802
0.113107111016128
0.115073715166669
0.115790905381512
0.115041641571629
0.116047008131871
0.116694352159468
0.115669557183225
0.117166962450559
0.114414919109361
0.113332372706098
0.113189034170266
0.121755724366903
0.114626035372669
0.112776867479243
0.120514178195761
0.116190778410281
0.114545029671509
0.118038258868532
0.113303068178629
0.117156046878609
0.11548272058268
0.113098584251907
0.116237136769573
0.117834098597052
0.11349465394753
0.1197944797394
0.115483368196546
0.118791649666803
0.117172938806966
0.117460101589029
0.115050330391008
0.115803235478878
0.11751104721321
0.118348196071574
0.11626232141238
0.115540250281172
0.11543155908721
0.117993022984634
0.1152732174968
0.113688560332787
0.114693387214807
0.112208492808248
0.115111314030123
0.115748943849719
0.111888193783339
0.117173316581721
0.116444589078208
0.114480052413549
0.11574921368883
0.116131251902366
0.116461579645005
0.114064284311122
0.114752266108855
0.118347224650774
0.117161821435587
0.112381146691538
0.114261806540468
0.115468527045434
0.113538205980066
0.117980891073506
0.114486258713105
0.118917556596055
0.112743313926504
0.11751444718601
0.117358696051067
0.11560565928171
0.117029546303312
0.115287896744445
0.117228764011952
0.112766843896995
0.116485010977055
0.114023646540986
0.116505087006923
0.113243723768071
0.115654184422885
0.119729472072691
0.116559270700438
0.117555300827435
0.117271699921639
0.112908995140737
0.11665290362416
0.116325050351978
0.113069711315325
0.114350853447141
0.115395886356719
0.117340454927154
0.115453200183922
0.115586338801353
0.114905264884865
0.114450863308421
0.114939966194556
0.116936343874328
0.116427966988963
0.116439408167274
0.11534402327956
0.119005955888861
0.113830981415641
0.116733802637515
0.115470631790501
0.117699071105844
0.119140311212459
0.11378149292266
0.114081823853346
0.114015659303297
0.114323599696917
0.112767437543039
0.11733986128111
0.117409641675248
0.114526518708485
0.119268907182041
0.114245236584071
0.117017025768556
0.120890080498404
0.112834465578244
0.116472004731899
0.1131898436876
0.114002707025963
0.11560274501931
0.116442268461852
0.11460111191027
0.113938600013818
0.119062514166553
0.114859931914195
0.116168327796235
0.116283818935798
0.116737148642493
0.116196121224681
0.120148346749734
0.113655100283007
0.117235377172132
0.115993094277468
0.119838517482336
0.114724634583876
0.119404292384709
0.115944469269643
0.120603312047459
0.115864038411302
0.114525385384219
0.119467326801068
0.113238870637836
0.118082620418402
0.116003402131513
0.112679901735389
0.115248392298576
0.115237005088086
0.117017295607667
0.116049030909852
0.112420964124351
0.115866593702171
0.114083487688302
0.114015659303297
0.116412208384873
0.113903406233068
0.115283849157778
0.118436324069456
0.11772832166549
0.116151166028767
0.117017295607667
0.115411806864275
0.115825393946852
0.113667243043008
0.116580749893683
0.117325673525519
0.114866352761352
0.116820798766943
0.117864374545321
0.115071647680787
0.115803235478878
0.113217421244757
0.116148359702011
0.114881896817841
0.113555151876245
0.114741364608766
0.118150404003117
0.117182437143677
0.120749278450217
0.119927454092043
0.116042420866982
0.112993886525098
0.113359638442375
0.116802827482142
0.120561269208019
0.117058311152558
0.11338698814219
0.117616392402194
0.113618214053568
0.115338950304271
0.116138807397477
0.118630717620926
0.119523939046583
0.116699533070402
0.116231901890817
0.119338829416349
0.117590002137126
0.118670437938084
0.121768946483349
0.113444371764482
0.118668980806884
0.115276176659802
0.114110642670414
0.116054833466094
0.115406248178586
0.115975662670889
0.114383126204832
0.11417238185904
0.116575299143639
0.113654614572607
0.119289448859012
0.117216652742969
0.113209865749645
0.112483566798132
0.116609406807285
0.113923681722213
0.113362055008322
0.115126586923813
0.116024773389114
0.11622875190515
0.114880979364863
0.113817327556618
0.114177077059574
0.113691096820432
0.116518956737235
0.116588467292262
0.119065536364598
0.11449802369835
0.113290169869117
0.115703718814694
0.112310168185321
0.113483752447441
0.114546001092309
0.117620094689732
0.115570850036374
0.115489196721347
0.113174732697377
0.117658541271352
0.119226738249586
0.11572179803514
0.113275868396227
0.118035406655182
0.116615235332086
0.115639766945356
0.114161366786265
0.112642771873698
0.117845053516919
0.11587360951906
0.113572745386291
0.119649955198584
0.117868853874566
0.114874179419263
0.11481392130703
0.120567298953672
0.112805053115131
0.113124002944484
0.117884990253411
0.117817746346918
0.116455868353053
0.115733778891674
0.115379749977873
0.115600748209887
0.115743655003141
0.120016935102614
0.113021895824833
0.115992446663601
0.115377267458051
0.119822451354391
0.112486722109954
0.115645325631046
0.11556032631104
0.112115166628882
0.118243984206857
0.113623607027361
0.113120602971684
0.114746923294455
0.116951724703663
0.115166253273148
0.120058428213066
0.116078795179162
0.112419183186217
0.117617040016061
0.114765521261781
0.114155759769795
0.116902991760193
0.117171751514877
0.116739361323205
0.113850247928175
0.116522680516969
0.118728661479557
0.114105731598592
0.116355110428958
0.11593858677702
0.115948678759776
0.113394489669479
0.115749375592297
0.117409857546536
0.116286679230376
0.11272987593877
0.115444295493255
0.11607679836974
0.115338734432982
0.119795289256734
0.113198316635689
0.113667720500744
0.113201235703276
0.12090114390196
0.119905005839318
0.113493736494552
0.118109345923518
0.115555037464462
0.111850090022408
0.115154704159192
0.118727967636576
0.113403610231436
0.114826687735704
0.115543434382684
0.116661377820089
0.115419470295031
0.11971784543184
0.116267304782197
0.113908209369246
0.113168256558709
0.114339628140118
0.112898525383226
0.113672747760875
0.116220460712505
0.113802378469861
0.116360075468603
0.112522693469246
0.112772024807929
0.11595697942776
0.114276971102159
0.118981724336681
0.116864026992546
0.115517691731482
0.115314125106047
0.117057825442158
0.115534205885083
0.113931199661514
0.111295167718008
0.112976185079408
0.11552055202606
0.113728258804429
0.113321157640679
0.116042420866982
0.118206638473876
0.117549310399168
0.113802680379433
0.118454620617003
0.113495193625753
0.117426965346182
0.115278884118133
0.112244975056073
0.114740393187966
0.113991697590229
0.114001195926941
0.116119810724054
0.121509850653472
0.114160347034684
0.119206986026651
0.112356040834213
0.113197992828756
0.116403303694205
0.115255462083287
0.117823520903896
0.116419224201762
0.116567635712883
0.117229928827236
0.117973119707106
0.116638495463465
0.117825247874207
0.113870162054577
0.116534661373503
0.116761973840717
0.118730666027688
0.11569950932456
0.116139508979166
0.115245532003998
0.11550479342197
0.118072204628712
0.119989843255857
0.112838027454511
0.115835130461813
0.115243319323287
0.115969726210444
0.120295902637442
0.119299702745235
0.114084468276635
0.115803235478878
0.118417706626601
0.117443047757205
0.113568320024868
0.113698166605143
0.114472505386233
0.116517661509502
0.115023400447717
0.119360092738306
0.114237467052645
0.117207855987946
0.117127497900652
0.11566604927478
0.113951923305248
0.113525469574021
0.116371246807803
0.116840820828989
0.118909299519255
0.11692716934455
0.1152732174968
0.118471404609716
0.114295213914365
0.11751347576521
0.116702987011025
0.114913683865132
0.115426432144098
0.118002046459819
0.112859128873001
0.111572158216385
0.11259020721485
0.113196603450956
0.111952741473777
0.117162415081632
0.121106653368995
0.112437856052707
0.117238347807503
0.116489374333467
0.112037306876148
0.114271142973713
0.113109485600306
0.114997819699982
0.114936943996512
0.115690712569538
0.116823335254588
0.114573362778177
0.112345247269768
0.114934191637578
0.113265074831782
0.112732628297704
0.121144310022495
0.113027508478345
0.114929604372689
0.117810676562207
0.117001105260999
0.116116464719076
0.111935361659964
0.120112835922709
0.114092671385613
0.115019244925406
0.1185830640339
0.121857939422199
0.113616783129227
0.117112063103495
0.113110187181995
0.117750502440425
0.111506785142201
0.117574500559132
0.114086842860813
0.114044747959477
0.119867875977627
0.116790576786497
0.116899969562148
0.116064061963695
0.115527405939483
0.114596676877379
0.120584514688962
0.115469336562768
0.112579629521694
0.113957805797871
0.121596033580938
0.114140594811749
0.115872961905194
0.114648539954538
0.119923894577097
0.121765060800149
0.11255917571707
0.115396426034941
0.113255252688137
0.116424728919629
0.115437495547655
0.113554936004956
0.115612405259488
0.115375378584273
0.115781972156921
0.117159253310536
0.117623947897306
0.114174270732818
0.113084336595149
0.115584935637975
0.117470949121296
0.114335472617806
0.116449716021319
0.112452859107286
0.115713163183583
0.115843117699503
0.114130988539393
0.117301436191685
0.123042209313119
0.117322273244429
0.113555151876245
0.119019339908773
0.119147675390025
0.114531213909019
0.112925617229983
0.116360669114647
0.115411752896453
0.114634022610359
0.111990570742101
0.112140547320066
0.115239379672264
0.118381140197488
0.113314023646541
0.113692284276453
0.116142369273744
0.115927847180397
0.118094385403647
0.120209060549738
0.11429532055807
0.113188332588577
0.118442800795342
0.115154704159192
0.117982402172529
0.117479961747608
0.115648509732557
0.114631540090536
0.113512625232331
0.115022536962561
0.115442622490766
0.115328642450225
0.11237487560417
0.11294833768314
0.121453396626795
0.112801869013619
0.11642937015234
0.11732361696662
0.11667740626329
0.115436578094677
0.11447546514866
0.120537994426203
0.118083591839202
0.114928201209311
0.114096639290464
0.113168094655243
0.114589876931778
0.115643382789446
0.114325812377628
0.114504931579595
0.114792526104236
0.117190370413545
0.118904766222188
0.112804675340375
0.117399495724669
0.11550479342197
0.116866185705435
0.114616066301396
0.114832648990324
0.11281546890482
0.114968245333402
0.116369020633913
0.114224352871844
0.116102001342719
0.112261003499274
0.11726711265675
0.113949494753248
0.116680050686579
0.116132120890248
0.114856424005751
0.116190778410281
0.112582497295967
0.117418870172848
0.113881495297244
0.114994095920249
0.116068595260762
0.113210027653112
0.117105317125717
0.115747001008119
0.114877443995371
0.118379227569354
0.115421736943565
0.113824883051729
0.114753075626189
0.116959388134419
0.116867372997524
0.115835130461813
0.116840497022056
0.111463956811686
0.116257536606374
0.119727482524427
0.116081979280674
0.114522633025285
0.113024054537722
0.118665418930617
0.112455989240975
0.114389341899883
0.115916352034263
0.118336734693878
0.113549323351445
0.116153702516412
0.114215502148999
0.111855057540492
0.116934347064906
0.11543155908721
0.114206921265265
0.113932602824892
0.120137166259712
0.113710633172077
0.115557304112996
0.11650391679298
0.11412629333886
0.113174894600843
0.117983751368084
0.115169761181593
0.115331591015079
0.115128853572346
0.114630190894981
0.115609490997088
0.112529655318313
0.117802797260162
0.114330183771228
0.112712552267836
0.11495750573678
0.115236573345508
0.117941660298175
0.113668052560341
0.117041149385091
0.115672687316914
0.115962332618799
0.115013233509924
0.11321725934129
0.113099123778438
0.115881218981994
0.114734240856232
0.113797845172794
0.123993616396599
0.112897014284203
0.113055463810258
0.113837943264708
0.11789173623119
0.11587916820475
0.121757717688926
0.115185249946572
0.114262184315224
0.114811900552415
0.115765404035498
0.116826796454369
0.114161102584195
0.114375408806253
0.11985994270776
0.115330531324003
0.116061579443872
0.114843849503172
0.114412700571411
0.113044994052746
0.11281158322162
0.122008617581853
0.114260781151846
0.117131761358608
0.113116825224128
0.112905865007048
0.116478858645321
0.115385146760096
0.119745022861806
0.114220737027755
0.114986216618204
0.118035406655182
0.112632248148364
0.118019963776798
0.118412903490423
0.115189675307994
0.119591075017432
0.113856724066842
0.115278668246845
0.112993886525098
0.118249182890129
0.115330531324003
0.116532394724969
0.115033438462651
0.116831484395744
0.120148716420875
0.117872685589944
0.112001040499613
0.114646716541978
0.112057605706169
0.117413257519337
0.115125612189371
0.117927031186925
0.116172699189835
0.115167116758304
0.118888198100764
0.114230990913977
0.113745579834981
0.116384510101076
0.113102523751239
0.114043268846733
0.120924350065517
0.116115331394809
0.114465381310744
0.117433765291782
0.121968887305546
0.118298437739482
0.114958993389721
0.115737502671407
0.113826663989863
0.115532802721705
0.115471441307835
0.11207990336725
0.116662457176533
0.117071317397715
0.119815049959941
0.115395886356719
0.11351381252442
0.114820481436149
0.112776396201529
0.114992379052541
0.116026068616848
0.115945764497376
0.116709247278403
0.114406979982255
0.113383534201568
0.114308380771049
0.112326196628522
0.114154140735128
0.117927628028272
0.11380550860355
0.115357299363827
0.114445566975147
0.115317956821425
