"V1"
0.112495817493778
0.113413810149836
0.112773104164373
0.114147448725172
0.113558983591623
0.111552082186517
0.114745628066721
0.112657451121343
0.112286260440075
0.114142213846416
0.113537666301844
0.112958213794607
0.112046103631171
0.113056920941458
0.112153823404333
0.112137902896777
0.114721558418009
0.116539140702747
0.112977588242786
0.113396972189302
0.112826586276199
0.114419878291767
0.113804699086217
0.113765896222037
0.113276192203161
0.113640043260606
0.115069758807009
0.112575096224627
0.112626473591386
0.111713931685372
0.114869268347441
0.110889573200875
0.113571935868957
0.113025511668923
0.112662578064455
0.112554534484359
0.113770753326037
0.111816578483245
0.114377459583498
0.115314664784269
0.115045958997407
0.113399886451702
0.112961775670874
0.11326793512636
0.114832084517927
0.11559670062322
0.115312182264447
0.113877879453155
0.113535183782022
0.113119847422173
0.11172407763595
0.114987457878115
0.112811151479042
0.114363158110608
0.115098901431011
0.113693579340254
0.111765740794709
0.115822609927057
0.114977743670114
0.11553922489255
0.112617137158141
0.112386856460704
0.112903814229804
0.11313576792973
0.112851897184823
0.114370443766609
0.114381237331054
0.114112423608548
0.112188254874913
0.113915063282668
0.113785162734571
0.112776018426773
0.112212216587982
0.112410008656439
0.113972592981161
0.112247349640251
0.11307467635497
0.113463082771528
0.113217691083868
0.113094860320483
0.111803518270267
0.115213313214129
0.113191732561378
0.111506587312381
0.113738480568346
0.112652594017343
0.113424927521215
0.111493095356824
0.11364522417154
0.114696247509385
0.114712545791697
0.112098776225663
0.111665468581013
0.11355574552229
0.113236202046892
0.112480436664443
0.114641847944582
0.114987565813759
0.112530572771291
0.113389200822901
0.114006970483919
0.113549701126201
0.113673287439097
0.112527496605424
0.11286420184829
0.11207735100024
0.111459797210511
0.113183421516755
0.114255330401801
0.113958237540449
0.112818059360287
0.114281936538158
0.112379139062126
0.114407033950078
0.114571312000933
0.113089733377371
0.112323498237411
0.112459389213775
0.11640729731305
0.113380781842634
0.114149715373706
0.112606559464985
0.114675254026539
0.114184146844286
0.114195695958242
0.113852028866309
0.114283555572825
0.112395707183549
0.113119199808306
0.113817057717507
0.112978991406164
0.113874263609066
0.11288918894998
0.112559715395293
0.11563717648989
0.115983541972934
0.114801754601836
0.115370791319384
0.113044562310168
0.112975645401186
0.113765626382925
0.113956996280538
0.114813897361837
0.112009243608591
0.115004511709938
0.1131922722396
0.11344300674166
0.114969810400247
0.113291896839428
0.113852406641064
0.112018040363614
0.114753021658366
0.113693525372432
0.11314305358573
0.114818700498015
0.113672154114831
0.112654914633699
0.113927098107025
0.111598170706698
0.11272744738677
0.1137140871127
0.112760097919217
0.113740261506479
0.113362216911789
0.116155645358012
0.115358270784627
0.112298457167898
0.112494846072977
0.116099950565475
0.115894333162795
0.112762742342506
0.113289738126539
0.112246594090739
0.113369934310367
0.114412376764478
0.113633567121939
0.111672538365725
0.111892619144761
0.111992783422812
0.112913636373449
0.111935685466897
0.113225786257202
0.112079347809662
0.11325411936387
0.113472958882996
0.113330807639253
0.113893745992889
0.11310813640475
0.112827503729177
0.113390927793213
0.112450322619641
0.114258892278068
0.114892312607531
0.112216372110293
0.113822346564085
0.111666440001813
0.113071708124748
0.112884871524202
0.113308033218274
0.112154309114733
0.11216682964949
0.113811175224884
0.112893452407936
0.112796634134863
0.1144090307595
0.11309529206306
0.112843316301089
0.112917629992293
0.11303247351799
0.113965415260805
0.113632433797672
0.112438125891818
0.113653373312696
0.113252284457915
0.116161473882812
0.112895880959936
0.114833433713483
0.112261543177496
0.111941999702098
0.113022219631767
0.113028749738256
0.114059535142766
0.112691504817168
0.114289384097626
0.112810827672109
0.112347945660879
0.113358169325122
0.113661090711274
0.114144696366239
0.112436938599729
0.114531213909019
0.113432105241571
0.112905972942693
0.113283531826983
0.113792610294038
0.113401181679435
0.111802978592044
0.112370828017503
0.112623289489875
0.111648954427412
0.11465733670956
0.11226213682354
0.113892288861689
0.113140786937197
0.112946718648473
0.112432459270485
0.114298558627404
0.113698706283366
0.114540658277908
0.112321609363633
0.11505378433163
0.112998096015232
0.114358031167497
0.113033229067501
0.111273716159477
0.113684081003542
0.114699701450007
0.114680273034006
0.114070652514145
0.114191486468108
0.112904084068915
0.113018495852033
0.113176945378088
0.113733623464346
0.111910914236496
0.112330082311722
0.112632571955297
0.113230967168136
0.113714356951811
0.113469936684951
0.113666865268252
0.113915171218313
0.112602781717429
0.112883900103402
0.111461847987756
0.113855158999998
0.113825908440352
0.113115152221639
0.113087574664482
0.116169029377924
0.114625657597914
0.113694280921943
0.114160778777262
0.112960912185718
0.113053251129547
0.111658506731946
0.113787159543993
0.111386508907929
0.114029852840542
0.112910236400648
0.114422738586345
0.113581434205669
0.113517752175443
0.11179488341871
0.113651214599807
0.112291927061409
0.112605642012007
0.113322388658986
0.114095585648013
0.114709901368408
0.114068385865611
0.113748572551102
0.113185796100933
0.11355137412869
0.115188865790661
0.114796465755258
0.113020924404033
0.11272356170357
0.112732952104637
0.113376248545567
0.113931901243203
0.110776132838556
0.112046049663349
0.114137518645883
0.113991211879829
0.114911848959177
0.113794229328705
0.114681514293917
0.113323575951075
0.114527220290174
0.113544628150911
0.112720377602059
0.111849013144403
0.113355686805299
0.114451125660836
0.115378238878851
0.113920621968358
0.115220868709241
0.114539740824931
0.113450940011528
0.112643365519743
0.114062017662589
0.113993694399651
0.111927968068319
0.113578843750202
0.114270117585091
0.114036490882676
0.112915633182871
0.113450400333305
0.11315444079622
0.112557988424981
0.1132005293164
0.113993046785784
0.114444271747413
0.112547140892714
0.115306299771824
0.112782332661974
0.113213643497201
0.11290446184367
0.112809208637442
0.114416100544212
0.112729983874415
0.114924639333044
0.111758671009997
0.113493898398019
0.11403222742472
0.113860016103998
0.113362756590011
0.11315978361062
0.113774315202304
0.113759743890303
0.112799278558152
0.112791291320463
0.113747655098124
0.111916580857829
0.113279430272494
0.111843994136936
0.114938940805934
0.111849714726092
0.11316971368991
0.114682215875606
0.115372896064451
0.113899142775112
0.110762532947355
0.114091214254413
0.114138328163216
0.113988837295651
0.11171290629675
0.111762502725375
0.113605503854382
0.113334261579876
0.11334332817401
0.116612051230574
0.11414933759895
0.111590291404653
0.114048363803566
0.113594710289937
0.111822407008046
0.111845127461203
0.113937082154136
0.112295381002031
0.113723477513767
0.112910937982337
0.114648647890182
0.112515731620179
0.113961637513249
0.113897739611734
0.113009861000477
0.112034878324148
0.113031933839767
0.112430840235818
0.113321902948586
0.114449560593991
0.11357976120318
0.115297934759379
0.112382808874037
0.111519107847137
0.114007780001252
0.114119331489793
0.11658042608675
0.114500344314706
0.111810911861911
0.114080258786501
0.114463160485192
0.112369910564525
0.115297179209868
0.11408436034099
0.112245568702117
0.11515513590177
0.113713763305767
0.1131893579772
0.114618425909736
0.112890106402958
0.115206351365062
0.112536401296091
0.112399107156349
0.113211808591246
0.112392631017682
0.113499187244597
0.11410810618277
0.113230265586447
0.112526417248979
0.113533240940422
0.113852082834131
0.11446067796537
0.11289960473967
0.111717709432928
0.112914715729893
0.114869969929129
0.112633921150853
0.113551967774734
0.11438188494492
0.111699198469904
0.114023160830586
0.112977534274964
0.113797359462394
0.113886676208178
0.112650435304454
0.112894963506959
0.113457092343261
0.111793156448399
0.114605311728935
0.112934144145894
0.112739050468549
0.112981905668564
0.112913096695226
0.114058725625433
0.11258437869005
0.11425166058989
0.113178672348399
0.113349210666632
0.113499942794108
0.113404311813125
0.112983470735409
0.112806618181975
0.112412491176261
0.113503558638198
0.113293893648851
0.113469990652773
0.113454178080861
0.114965169167536
0.113096209516038
0.11181717212929
0.11399828166454
0.113602751495448
0.113235176658269
0.112636673509787
0.112957404277274
0.115715159993006
0.113781169115726
0.11350166976442
0.113750191585769
0.113726877486567
0.113119361711773
0.115623684534333
0.112541636174847
0.113107434823061
0.111697309596126
0.114171032663485
0.114125106046771
0.112496519075466
0.114194400730508
0.113761039118036
0.113736915501501
0.112880068388024
0.112663819324366
0.113513272846198
0.11264428297272
0.113526602898288
0.114351824867941
0.112262730469585
0.112637375091475
0.11073355222682
0.113179319962266
0.112283885855897
0.113907291916268
0.111677287534081
0.114680812712228
0.114338548783673
0.11412823618046
0.113907022077157
0.114912280701754
0.113531567937933
0.113910206178668
0.114986918199892
0.112180267637224
0.114414265638256
0.113766921610659
0.114321440984028
0.114158835935662
0.112617892707652
0.113171980338443
0.113223897383424
0.115145043919014
0.112675530341789
0.112269368511719
0.113729629845501
0.111969793130544
0.113700972931899
0.112956918566874
0.112713793527747
0.113770537454748
0.111750144094085
0.113944907488359
0.111330436340636
0.113032365582345
0.113063451047947
0.11239840557466
0.113398213449213
0.112818706974154
0.112959670925807
0.113379864389656
0.113730493330657
0.113747115419902
0.112645686136098
0.113380026293123
0.112478493822843
0.114827227413927
0.113406254654725
0.113141326615419
0.112746390092371
0.113530218742377
0.114095909454947
0.114753075626189
0.114703964907963
0.112430300557596
0.112389392948348
0.113409114949303
0.113722398157323
0.112423554579817
0.112961559799585
0.114595111810534
0.113369016857389
0.112810072122598
0.111607453172121
0.112363272522391
0.110451516387869
0.113213751432846
0.112573908932538
0.112946502777184
0.113727525100434
0.113345918629476
0.113667512882119
0.112967658163497
0.11122287847094
0.111514358678781
0.112421557770395
0.112987248482965
0.114975153214647
0.112496303204178
0.113967196198938
0.113166205781465
0.113065501825192
0.115253735112976
0.114107242697614
0.112750059904283
0.11135477582846
0.114699215739607
0.112222254602916
0.112485185832799
0.113496866628242
0.11409963323468
0.113952840758226
0.111180999440893
0.111918361795963
0.111866606654448
0.113954189953782
0.114425113170523
0.114917461612688
0.113163561358176
0.112186204097669
0.113349210666632
0.113797143591105
0.115075317492698
0.112914661762071
0.114354739130341
0.112391659596882
0.114317177526072
0.114176807220463
0.114318958464205
0.113124326751418
0.113653805055274
0.115367661185695
0.112193651657136
0.112132775953665
0.113828175088885
0.113178726316221
0.113732706011368
0.11326162089116
0.112645308361343
0.112536023521336
0.113000092824654
0.114750755009833
0.114245184451223
0.113490714296508
0.111554402802873
0.114755234339078
0.112090573116685
0.112318209390833
0.114073512808723
0.113446460682283
0.115146339146747
0.112276006553852
0.112127756946198
0.113677604864875
0.114835376555083
0.113783327828615
0.114979200801314
0.113926882235736
0.115428213082232
0.114537690047686
0.112143191743355
0.113411651436947
0.114307895060649
0.113219957732402
0.113957805797871
0.112796903973975
0.113288227027517
0.113541174210289
0.113365832755878
0.113694658696699
0.111834171993291
0.112325117272078
0.113198802346089
0.113340737718543
0.111957218627965
0.116129686835521
0.113232910009736
0.113748356679813
0.112360682066924
0.115049143098919
0.113030368772923
0.114864357275618
0.113655316154296
0.113378137419345
0.111771299480398
0.114191756307219
0.113069009733636
0.113226973549291
0.113019952983233
0.112078646227973
0.112726907708548
0.11448226509426
0.112048909957927
0.112693393690946
0.112553293224448
0.112144540938911
0.11258097871725
0.1128440718506
0.11261443876703
0.114641038427248
0.112272984355808
0.111244735438942
0.113397673770991
0.113714195048344
0.11315541221702
0.115263449320977
0.113232963977558
0.113888403178489
0.114659333518983
0.113663843070208
0.114121274331393
0.113281373114094
0.114492896755239
0.112795878585352
0.111921114154896
0.114945956622823
0.113178726316221
0.113341277396765
0.114877795263352
0.112626311687919
0.11494466139509
0.113057298716213
0.114381938912743
0.113564758148601
0.113583862757669
0.112453830528086
0.11125390996872
0.113123463266262
0.112283400145497
0.114251282815134
0.111530387121982
0.113500482472331
0.112290092155453
0.113010400678699
0.11497207704878
0.113001226148921
0.11320997368529
0.11268913023299
0.113888241275022
0.113119091872662
0.111896558795784
0.113097990454172
0.113887269854222
0.113263185958004
0.113514082363532
0.113274519200672
0.112123601423887
0.113456660600683
0.113797089623283
0.114457008153459
0.111490019190958
0.113723963224167
0.11421674340891
0.113419692642459
0.11211663957482
0.113824775116085
0.111821219715957
0.112382862841859
0.113360166134544
0.112983848510164
0.112735218753171
0.112298619071365
0.114238114666511
0.111341607679837
0.111598872288387
0.112510766580534
0.112853570187312
0.113799626110928
0.112498353981422
0.114405900625811
0.11311903790484
0.112415027663906
0.113465511323528
0.111449435388644
0.113797899140616
0.112772888293084
0.112966362935763
0.11419418485922
0.114969000882914
0.113969462847472
0.115011689430294
0.113423578325659
0.114592845162001
0.114644060625293
0.111836492609646
0.115038673341407
0.112190035813047
0.11432489492465
0.113406254654725
0.112896906348559
0.111933742625297
0.111993916747079
0.115128313894124
0.11477736114619
0.11323301794538
0.113603183238026
0.112769542288106
0.112418859379284
0.113329944154098
0.113054276518169
0.112823510110332
0.114269146164291
0.114839747948683
0.111862613035604
0.113029829094701
0.113464431967084
0.112898849190159
0.112041786205393
0.114172705665974
0.11417891196553
0.112906512620915
0.113078346166881
0.113301017401385
0.112089817567174
0.113656665349852
0.112120579225842
0.112395707183549
0.113272630326894
0.113550132868778
0.113681436580253
0.112019875269569
0.115205110105151
0.112038062425659
0.1125041285384
0.113712036335455
0.113767946999281
0.113537936140955
0.112973648591764
0.113129075919774
0.113101606298261
0.1133663724341
0.113566754958024
0.113841343237508
0.112699546022679
0.11358364688638
0.11218695964718
0.114308218867582
0.112507474543378
0.113970434268272
0.114277349273269
0.11277666604064
0.112051554381216
0.114324786989006
0.11300969909701
0.113990942040718
0.113044346438879
0.115449422436367
0.112649248012365
0.113627414790205
0.114157378804462
0.113278135044761
0.112065100304594
0.113793851553949
0.11446699220057
0.113441441674816
0.113407711785925
0.112562629657693
0.113360651844944
0.11430962203096
0.112588318341072
0.11242603709964
0.113907777626668
0.113480028667707
0.112570508959738
0.111221151500629
0.115159615231015
0.113527466383444
0.11235960271048
0.113164532778976
0.113290655579517
0.114026614771209
0.113192703982178
0.115567773870507
0.113414511731525
0.113366804176678
0.11258000729645
0.113523688635888
0.114120464814059
0.113579059621491
0.113515971237309
0.114326999669717
0.11380016578915
0.114214422792554
0.114517991792574
0.113516079172954
0.11311056495675
0.113077212842615
0.112606829304096
0.111823594300134
0.112231375164872
0.113865250982754
0.114055703427388
0.115445051042766
0.112697279374146
0.112949147200473
0.114114582321437
0.11559281494002
0.112840509974333
0.113828175088885
0.111744639376218
0.113397349964057
0.11399391027094
0.114206165715754
0.115630538447756
0.114495918953283
0.113852514576709
0.113715922018656
0.113214183175423
0.112893506375759
0.113557040750023
0.11489107134762
0.112934360017183
0.11404604318721
0.113692877758565
0.113285852443339
0.113353636028055
0.113767839063637
0.1133634581717
0.113403124521036
0.114736993215165
0.113667944624697
0.11437557070972
0.113113317315684
0.110781745492068
0.113038571881901
0.112695282564724
0.113369070825211
0.112596305578762
0.113026644993189
0.11425846053549
0.11259409289805
0.113551697935623
0.114589822963956
0.113030044965989
0.11333728377792
0.111836114834891
0.113719160087989
0.111426984774598
0.111869251077737
0.115319090145692
0.114149877277172
0.113640744842295
0.113664328780608
0.114356250229363
0.11235377418568
0.112605426140718
0.113359356617211
0.113979284991117
0.113993370592718
0.112919518866071
0.114200229255309
0.111447870321799
0.115396965713163
0.112523934729157
0.111957758306188
0.111761099561997
0.112924429937894
0.113977773892095
0.11329556665134
0.11297041052243
0.112998311886521
0.11326453515356
0.113934437730847
0.116231470148239
0.113593630933492
0.113297347589473
0.113916358510402
0.114419176710078
0.110973870939191
0.112663279646144
0.114737317022099
0.114692631665296
0.114631701994003
0.11172164908395
0.11381301013084
0.113254982849026
0.113795956299016
0.112605372172896
0.114284688897092
0.114043074956988
0.113631192537761
0.113949710624537
0.114564512055332
0.112835544934688
0.11452419809213
0.114691444373207
0.114345132857985
0.112863662170068
0.111400540541707
0.114731326593832
0.114973804019092
0.115235817795997
0.112981365990342
0.113360705812766
0.116120404370098
0.113731950461857
0.113236040143425
0.114344755083229
0.112325549014655
0.111949015518987
0.111749172673285
0.113703293548255
0.114121975913082
0.112669162138766
0.113939186899203
0.113993694399651
0.114242540027934
0.112275089100874
0.113168094655243
0.11404701460801
0.112822592657354
0.11192872361783
0.113372578733656
0.112761339179128
0.113581110398736
0.112504938055734
0.112626635494853
0.112592204024273
0.114681892068673
