"V1"
0.105469854653861
0.103594580767163
0.10626393719009
0.106302901957737
0.104874643542534
0.105344919145409
0.105081502205125
0.104789482319062
0.105761334861702
0.105802836116994
0.10647829737997
0.104200747346402
0.105586910860269
0.104129725692353
0.105058673816324
0.104210353618758
0.105321982820963
0.105878229164643
0.105443248517504
0.104727527259147
0.105371525281766
0.104714251174879
0.105052899259346
0.104377653867658
0.104824453467864
0.104959696830362
0.105009185323343
0.105053816712323
0.10447954511602
0.105385718819011
0.10409691325644
0.105657770610851
0.10368664987188
0.105015283687254
0.104972541172052
0.104886678366891
0.10510902579446
0.1052079488126
0.104570588832115
0.105603317078225
0.105521501859731
0.105051334192501
0.105915035219401
0.104493630717621
0.103840728004335
0.104273334067296
0.105314751132785
0.104601566362072
0.105438661252615
0.103829124922556
0.105192028305043
0.105122733621306
0.105221170929045
0.104504802056822
0.10567957361103
0.105019870952143
0.104737943048837
0.105025051863077
0.10522953594149
0.104490392648287
0.104532325646157
0.105723557386144
0.105738506472901
0.104743501734526
0.105026293122988
0.104527630445623
0.10461581386714
0.105825232763217
0.104070522991372
0.105190625141666
0.104979664924585
0.105567374508623
0.104029237607369
0.103946235096786
0.10396814603261
0.105223815352334
0.10439298072917
0.103689564134281
0.106496214696949
0.104719486053635
0.105103305205304
0.105748274648723
0.104340955748544
0.105109673408327
0.104317425778054
0.103682818156502
0.105355280967276
0.104891859277824
0.10495019849365
0.105720103445522
0.104879716517823
0.105137196997662
0.103825239239356
0.104895852896669
0.105822264532995
0.10484107555711
0.10379890294211
0.105327163731896
0.104584188723316
0.105440873933326
0.106254330917734
0.106097338522879
0.105521987570131
0.104879014936134
0.105505905159108
0.104834167675865
0.105131206569395
0.105163857101842
0.105362350751988
0.10388158164576
0.104545277923491
0.103729824129661
0.10549165765404
0.104377815771125
0.105377083967455
0.10383430583349
0.104460062732197
0.105788750515393
0.103784709404864
0.10404478034017
0.105766353869169
0.104682841902344
0.105061426175257
0.103782334820687
0.104328381245966
0.105282694246383
0.105455337309682
0.105226513743446
0.105551561936711
0.105598352038581
0.104353835559067
0.103732306649483
0.10423512484916
0.105049391350901
0.105613786835737
0.104911287693825
0.104282562564896
0.103937330406119
0.104263565891473
0.10565652935094
0.10430204494872
0.105178590317309
0.104507770287044
0.104626661399407
0.104831307381287
0.105564784053156
0.105102387752327
0.106186979075596
0.105111238475172
0.104840212071954
0.1034766610756
0.105960799932648
0.10432168923601
0.104450564395485
0.105564406278401
0.104614518639406
0.105293379875183
0.106503716224238
0.105555015877333
0.105070546737213
0.105424845490125
0.104876370512845
0.105130019277306
0.105036924783967
0.104804755212752
0.105595060001425
0.104687699006344
0.105314049551096
0.104709609942168
0.105101902041927
0.105277513335449
0.104859100809733
0.106099659139235
0.10505835000939
0.104644848555497
0.104165614294133
0.10597564108376
0.10557142209529
0.104929690721204
0.104713279754079
0.105399534581501
0.105165853911264
0.105625605788804
0.104897417963513
0.104364215879924
0.105489175134218
0.10413231614782
0.104981122055785
0.105270767357671
0.105629977182405
0.105533212877154
0.104485103801709
0.10588519101371
0.10477512687835
0.104407552041171
0.104798494945374
0.10508743866557
0.105308436897584
0.105277999045849
0.104339336713878
0.105246643741136
0.105003248862898
0.105189491817399
0.104378031642414
0.104460818281708
0.104574852290071
0.104880094292579
0.1050348200389
0.104702486189634
0.105735052532278
0.105000172697031
0.105117714613839
0.10449287516811
0.106082929114345
0.105698624252276
0.104377006253791
0.104843827916043
0.104990836263786
0.105026077251699
0.104439608927573
0.105356198420254
0.10513957158184
0.106025885126252
0.104917547961204
0.105183663292598
0.104218071017337
0.104997042563342
0.103265862761987
0.10554330485991
0.105039785078545
0.105194564792688
0.104628820112296
0.105700890900809
0.105538771562843
0.105406658334035
0.104772050712483
0.105532997005865
0.105018413820943
0.105665919752007
0.104971677686896
0.105120952683172
0.103921949576784
0.105428785141147
0.104391415662326
0.10449870369291
0.104540150980379
0.105077130811525
0.10405012315457
0.105279024434471
0.104186931583912
0.105500724248174
0.10628941000218
0.104956944471428
0.104919274931515
0.104218826566848
0.105511625748264
0.10525862459767
0.105935219184913
0.105541200114844
0.105083606950192
0.104750787390526
0.104976534790896
0.104357254030857
0.105608497989159
0.104325844758321
0.106067980027588
0.104647654882253
0.105081879979881
0.104099071969329
0.105396674286923
0.105960476125715
0.104714467046168
0.104487262514598
0.105377785549144
0.105611520187204
0.104728660583414
0.104854459577022
0.104683165709277
0.105475035564795
0.105285500573138
0.104063777013593
0.10530590040994
0.105209028169044
0.106006456710251
0.105973050628293
0.105666945140629
0.105931657308646
0.1041672333288
0.105666135623296
0.104423418580905
0.105936028702247
0.105491117975818
0.104087199048439
0.105433480341681
0.105100606814193
0.104627794723674
0.105373791930299
0.104230375680804
0.106256975341023
0.106015091561807
0.105057648427701
0.104361841295746
0.105681624388275
0.105741960413523
0.104836326388754
0.105490416394129
0.10499796001632
0.10526251028087
0.105462676933505
0.105991993333895
0.104545763633891
0.105392356861145
0.104611388505717
0.105375518900611
0.105066876925302
0.104989810875164
0.105928527174957
0.105759985666146
0.104655750055587
0.104999471115342
0.105909314630245
0.105691500499742
0.105444975487815
0.104824237596575
0.105205466292778
0.104231616940715
0.105339684266653
0.105606771018848
0.105599863137603
0.104649489788209
0.105510492423997
0.104399996546059
0.104743231895415
0.104266318250406
0.105411461470213
0.105016470979343
0.105288252932072
0.104835894646176
0.104642366035675
0.104967198357651
0.10456173810927
0.105234824788068
0.105435908893681
0.104786783927951
0.10458041097576
0.104877341933645
0.105538069981154
0.105988161618517
0.104499567178066
0.104474903883309
0.105311674966918
0.104635350218786
0.105098556036949
0.104964823773473
0.103239364561274
0.105417883641058
0.104670968981454
0.10492618281276
0.104654886570431
0.105465591195905
0.105184364874287
0.103499759303513
0.105136603351618
0.104126163816086
0.104797037814174
0.105142269972951
0.106288546517025
0.105019223338277
0.105127806596595
0.105702995645876
0.10539683619039
0.104451535816285
0.105392518764612
0.1041648047768
0.104201071153336
0.105444867552171
0.104037764523281
0.104429301073528
0.104664384907143
0.105041835855789
0.104659150028387
0.105036816848322
0.105459276960705
0.104924186003337
0.104561900012736
0.105208758329933
0.105297049687095
0.105500292505596
0.105752915881435
0.10577002368108
0.105944231811225
0.105238224760869
0.105095156064148
0.104861367458267
0.104716032113013
0.105203145676422
0.10470286396439
0.105517724112175
0.105340385848342
0.10511847016335
0.104848685020044
0.103524206726981
0.10482725979462
0.104729470100747
0.104666597587854
0.106070624450877
0.105479946636617
0.104617109094873
0.105426788331725
0.105721830415833
0.104984845835519
0.105759014245346
0.105494248109507
0.104036091520792
0.10561411064267
0.105135146220418
0.104957322246184
0.105872886350243
0.105670129242141
0.104956782567962
0.103180323763759
0.104223359863915
0.104427951877972
0.10541453763608
0.106086598926256
0.1043476477585
0.104043916855014
0.104644254909453
0.106455684862458
0.105828848607306
0.104777177655595
0.104826018534709
0.105502019475908
0.104586779178782
0.106366907794896
0.104652781825364
0.104409548850593
0.1052147487582
0.104230051873871
0.105087816440326
0.104789698190351
0.105838077104907
0.10606366260181
0.104517754334156
0.105237793018291
0.105623285172449
0.10498851564743
0.104802704435507
0.10574017947539
0.104682518095411
0.103899552930561
0.105186253748065
0.104610686924028
0.105643307234494
0.104857157968133
0.106021189925719
0.105179993480687
0.104938541444049
0.103970736488076
0.105143349329396
0.105379242680344
0.105506714676441
0.106059884854254
0.105006055189654
0.105419448707902
0.104526497121356
0.103822001170022
0.104542309693268
0.104696387825723
0.105285338669672
0.104436532761706
0.104669080107677
0.10537211892781
0.103747633510995
0.104823050304486
0.104676041956744
0.104121090840797
0.105285230734027
0.105203253612066
0.104897363995691
0.105236713661846
0.104345489045611
0.104169446009511
0.105966250682693
0.105180910933665
0.1048655769484
0.104811771029641
0.104262378599384
0.104439177184995
0.103504130697113
0.105288846578116
0.106039754856564
0.105678332351119
0.106241054833466
0.104782466502173
0.105437258089237
0.104305876664098
0.104941671577738
0.106336577878806
0.1053742776407
0.10492763994396
0.105559657110045
0.104192166462668
0.104172845982312
0.105346322308787
0.104555261970603
0.104550620737891
0.105605475791114
0.106154490446616
0.104905782975958
0.1039858474783
0.10515873015873
0.105408655143457
0.103996695010567
0.104764765056483
0.105554314295644
0.103193222073271
0.103743585924328
0.104122116229419
0.104750301680126
0.10462115668154
0.105544006441599
0.104312460738409
0.104470748360997
0.104095995803462
0.105745414354145
0.104440418444906
0.104688508523678
0.105608659892626
0.105659173774229
0.104425523325972
0.104077376904794
0.104927262169204
0.103811369509044
0.103487130833112
0.106088919542612
0.104967953907162
0.105120359037128
0.104278784817341
0.104014126617146
0.105945850845892
0.104277381653963
0.104554452453269
0.105334503355719
0.10536483327181
0.103969819035099
0.106233661241821
0.105636777128005
0.104634378797985
0.10646253877588
0.10563834219485
0.105415239217769
0.105623393108093
0.104410790110505
0.10517400305242
0.104200585442936
0.106026478772297
0.104774047521906
0.105172707824687
0.10585075954313
0.104756885754438
0.105060346818813
0.104602699686339
0.105313941615451
0.105622961365515
0.1053771919031
0.104661146837809
0.106345266698184
0.106343054017473
0.104877341933645
0.105181828386643
0.103697767243259
0.10512867008175
0.103629929690721
0.106344349245206
0.104406580620371
0.106067656220655
0.105214101144334
0.104696603697012
0.105598190135114
0.10627921008378
0.104976426855252
0.106341111175872
0.105419448707902
0.104458551633174
0.105438283477859
0.104613655154251
0.105404067878568
0.105571799870045
0.104939944607427
0.105696033796809
0.105745414354145
0.104311381381965
0.105712224143477
0.10426809918854
0.104313324223565
0.103756862008596
0.106017250274696
0.105720157413344
0.104625474107318
0.104924455842448
0.104247699351739
0.105435099376348
0.105583888662224
0.105342436625586
0.104448297746951
0.105210971010645
0.105245888191625
0.10439735212277
0.105129209759973
0.10386485162087
0.106061341985455
0.105392356861145
0.106217902637731
0.104621318585007
0.104973242753741
0.105699649640898
0.10407629754835
0.104287419668897
0.105477626020262
0.105940993741891
0.104933792275694
0.104783168083862
0.104998553662364
0.104658178607587
0.104367022206679
0.104278784817341
0.104760231759416
0.10517934586682
0.105948927011759
0.105564514214045
0.104105763979285
0.105700621061698
0.105216097953756
0.105046962798901
0.105371741153055
0.105354579385587
0.104976210983963
0.105289116417227
0.105358896811365
0.104336800226233
0.105256303981314
0.10526736738487
0.105519666953775
0.105161590453308
0.104881929198535
0.103977482465855
0.105600402815825
0.104259356401339
0.105658364256895
0.105979688670427
0.104719540021458
0.104631140728652
0.104887164077291
0.103975809463366
0.106349098413562
0.106260375313823
0.105819188367128
0.105689395754675
0.106186871139952
0.105203145676422
0.105712601918232
0.104305714760631
0.105051442128146
0.105014582105565
0.105456092859194
0.10570817655681
0.105230831169224
0.105300287756428
0.105050794514279
0.104547004893802
0.104429786783928
0.104887272012935
0.106417043901744
0.105040054917656
0.104890833889202
0.103941863703186
0.105208812297756
0.10622610574671
0.10548145773564
0.105907263853
0.104023894792969
0.106118332005725
0.105893286187044
0.105628520051205
0.105082041883347
0.104286016505519
0.105352906383098
0.105640608843383
0.105116419386105
0.104267181735562
0.104513436908378
0.104991214038542
0.104286232376808
0.105159431740419
0.1053752490615
0.104353961993701
0.104902167131869
0.10497588717703
0.104921649515693
0.106674470413761
0.104463084930241
0.104681492706789
0.105889778278599
0.104591582314961
0.105261970602648
0.105548431803022
0.105370230054033
0.104499351306777
0.105456902376527
0.106633562804513
0.105221818542912
0.105621720105604
0.104741882699859
0.105718484410855
0.105497594114485
0.1050280200933
0.104889916436224
0.104736216078525
0.105886756080555
0.104558014329536
0.104913500374537
0.104880472067335
0.104864173785022
0.103851089826202
0.106083684663856
0.105214964629489
0.104285584762941
0.105210593235889
0.105247507226291
0.105128130403528
0.104980312538452
0.10409837038764
0.106047148448209
0.104433456595839
0.104315752775565
0.104722886026436
0.105537530302932
0.104324387627121
0.105935650927491
0.106144668302971
0.104826018534709
0.104693797370256
0.104417697991749
0.105739909636278
0.104576255453448
0.103993187102122
0.105755668240368
0.104992941008853
0.105271522907182
0.106208026526264
0.104338635132189
0.106408247146721
0.105931063662602
0.105023864570988
0.105003032991609
0.10617035698635
0.105325274858119
0.104512141680644
0.105530622421687
0.104129239981953
0.10574260802739
0.104726447902702
0.105854429355041
0.104670699142343
0.103647793039878
0.10581049954775
0.105353392093498
0.103746877961484
0.104098478323285
0.104616245609718
0.105364887239632
0.104468913455042
0.104598921938783
0.104456392920285
0.105558361882311
0.104505665541977
0.104231832812004
0.105356630162832
0.104549163606691
0.105088194215081
0.104958887313028
0.104079427682039
0.104340901780722
0.104553211193358
0.104226436029782
0.104989325164764
0.10507410861348
0.105266180092781
0.104708746457012
0.104904649651692
0.105515511431464
0.104966065033384
0.104569401540026
0.105040432692411
0.105867381632376
0.105506552772975
0.103452051748665
0.105825178795395
0.105180101416332
0.105236443822735
0.105541200114844
0.105629275600716
0.104838431133821
0.105113559091527
0.106691254406473
0.106172515699239
0.104245216831916
0.105346700083542
0.10467328959781
0.104750787390526
0.105578545847824
0.105189060074821
0.104275546748007
0.103802572754021
0.104524230472823
0.105006972642632
0.106277968823868
0.106092967129279
0.104966766615073
0.104499729081532
0.104479868922953
0.105116743193039
0.104802326660752
0.10594725400927
0.104797037814174
0.105542387406932
0.106233715209643
0.104696010050967
0.105131368472862
0.105012531328321
0.105579841075557
0.10511749874255
0.104301289399209
0.105721182801966
0.105696951249787
0.103381461837194
0.103571914281829
0.104663251582876
0.105046585024145
0.104021034498391
0.104940322382183
0.105517939983464
0.104452021526685
0.105264668993759
0.105395217155723
0.103470508743867
0.104045481921859
0.105166447557308
0.105153333376508
0.104468319808997
0.104280511787652
0.105063369016857
0.105097098905748
0.103625504329299
0.105458251572083
0.104877233998001
0.105240221570291
0.104605829820028
0.104683921258789
0.106286387804136
0.104784733150706
0.105150527049752
0.106016009014785
0.104317695617165
0.105348049279098
0.105709309881077
0.104368587273524
0.105915682833267
0.105821778822595
0.105546542929244
0.105597920296003
0.105440819965504
0.104632597859852
0.105570288771023
0.106452446793124
0.10443928512064
0.103726424156861
0.104666219813099
0.10386533733127
0.104286394280274
0.104697305278701
0.105048096123168
0.104942157288139
0.104771672937728
0.104981176023608
0.105350855605854
0.103856594544069
0.105278106981493
0.105785566413881
0.104536589104113
0.104560874624114
0.104727527259147
0.104815764648486
0.106324435118805
0.104875399092045
0.105246319934202
0.105317017781318
0.105812982067572
0.104232588361515
0.105061911885657
0.105554422231289
0.105451181787371
0.104570750735581
0.104322984463743
0.105177834767798
0.105591875899913
0.105533212877154
0.104767733286705
0.105563650728889
0.105489822748085
0.106926284272265
0.104622182070162
0.10455833813647
0.104205712386047
0.105787887030237
0.105208758329933
0.10513471447784
0.104422015417527
0.104882091102001
0.10596835542776
0.105171142757842
0.105192945758021
0.10559592348658
0.104998013984142
0.105502828993241
0.105697382992365
0.105805696411572
0.104875129252934
0.103959403245409
0.104672264209188
0.105772398265258
0.104574906257893
0.105021921729388
0.105576333167112
0.106687098884161
0.106020434376208
0.104203175898402
0.106165823689283
0.105343300110742
0.105369474504521
0.104868922953378
0.105252850040692
0.105798572659038
0.104905890911603
0.106109049540302
0.105967276071315
0.105142431876418
0.104682895870166
0.10413668754142
0.106164852268483
0.105427705784703
0.105206059938822
0.105394569541856
0.104607394886873
0.104467240452553
0.10615119840946
0.10581632807255
0.104254337393872
0.104808802799419
0.106452284889657
0.104126055880442
0.105122895524772
0.104391253758859
0.105039569207256
0.104879770485646
0.105847791312908
0.104475497529353
0.105323385984341
0.105696195700276
0.105146749302196
0.105745198482857
0.104117798803641
0.104558122265181
0.104887218045113
0.104380244323125
0.105536774753421
0.104552563579491
0.10425282629485
0.105640392972094
0.105903701976733
0.104146077942488
0.103609475886098
0.105914333637712
0.105192352111977
0.104150719175199
0.105363538044077
0.105402125036968
0.105531917649421
0.105397267932968
0.104752676264304
0.105165098361753
0.105676551412986
0.106085789408923
0.10584347388713
0.105668348304007
0.104944801711428
0.105757503146324
0.104326654275655
0.105896794095489
