Haplotype	1	2	3	4	5	6	7	8
Pra1	4	39	45	2	1	1	48	24
Pra2	16	126	13	31	11	0	1	1
Pra3	0	0	0	214	57	0	0	0
Pra4	0	18	0	21	0	0	0	0
Pra5	0	4	0	23	0	0	0	0
Pra6	0	0	0	0	0	0	14	0
Pra7	0	2	0	0	0	0	12	0
Pra8	0	0	0	0	0	0	1	0
Pra9	0	6	0	0	0	0	0	0
Pra10	0	2	0	0	0	0	1	0
Pra11	0	1	0	0	0	0	0	0
Pra12	0	1	0	0	0	0	0	0
Pra13	0	1	0	0	0	0	0	0
Pra14	2	37	26	1	0	0	0	0
Pra15	0	6	0	0	0	0	0	0
Pra16	0	1	0	0	0	0	0	0
Pra17	0	1	0	0	0	0	0	0
Pra18	0	3	0	0	0	0	0	0
Pra19	0	0	0	0	0	0	1	0
Pra20	0	1	0	0	0	0	0	0
Pra21	0	2	0	0	0	0	0	0
Pra22	0	3	0	0	0	0	3	0
Pra23	0	3	0	0	0	0	0	0
Pra24	0	6	0	0	0	0	0	0
Pra25	21	1	0	0	0	0	0	0
Pra26	0	0	0	1	0	0	0	0
Pra27	0	0	0	5	0	0	0	0
Pra28	0	0	0	1	0	0	0	0
Pra29	0	0	0	1	0	0	0	0
Pra30	0	0	0	1	0	0	0	0
Pra31	0	4	0	0	1	0	0	0
Pra32	0	1	0	0	0	0	0	0
Pra33	0	1	0	0	0	0	0	0
Pra34	0	2	0	0	0	0	0	0
Pra35	4	1	0	2	0	0	0	0
Pra36	0	16	0	1	0	0	0	0
Pra37	0	2	0	0	0	0	0	0
Pra38	0	1	0	0	0	0	0	0
Pra39	0	0	0	0	0	0	2	0
Pra40	0	0	0	0	0	0	1	0
Pra41	0	0	0	0	0	0	1	0
Pra42	0	1	0	0	0	0	5	0
Pra43	0	0	0	0	0	0	1	0
Pra44	0	0	0	0	0	0	1	0
Pra45	0	1	0	0	0	0	1	0
Pra46	0	0	0	0	0	0	1	0
Pra47	0	6	0	0	0	6	3	0
Pra48	0	1	0	0	0	0	0	0
Pra49	0	6	0	0	0	0	0	0
Pra50	0	3	0	0	0	0	0	0
Pra51	0	0	1	0	0	0	0	0
Pra52	0	0	0	1	0	0	0	0
Pra53	0	0	0	0	0	0	4	0
Pra54	0	0	0	1	0	0	0	0
Pra55	0	0	0	1	0	0	0	0
Pra56	0	1	0	0	0	0	0	0
Pra57	0	1	0	0	0	0	0	0
Pra59	0	1	0	0	0	0	0	0
Pra60	0	1	0	0	0	0	0	0
Pra61	0	7	0	0	0	0	0	0
Pra62	0	0	0	0	0	0	1	0
Pra63	0	0	0	0	0	0	1	0
Pra64	0	0	0	0	0	0	1	0
Pra65	0	2	0	0	0	0	0	0
Pra66	0	1	0	0	0	0	0	0
Pra67	0	1	0	0	0	0	0	0
Pra68	1	0	0	0	0	0	0	0
Pra69	0	1	0	0	0	0	0	0
Pra70	0	1	0	0	0	0	0	0
Pra71	0	0	0	0	0	6	0	0
Pra72	0	0	0	0	0	0	1	0
Pra73	0	0	0	0	0	0	1	0
Pra74	0	0	0	0	0	0	1	0
Pra75	0	0	0	0	0	0	1	0
Pra76	0	0	0	1	0	0	0	0
Pra77	0	0	0	0	0	0	1	0
Pra79	0	1	0	0	0	0	0	0
Pra80	1	0	0	0	0	0	0	0
Pra81	0	1	0	0	0	0	0	0
Pra82	0	0	0	0	0	0	1	0
Pra83	0	2	0	0	0	0	0	0
Pra85	0	1	0	0	0	0	0	0
Pra87	0	1	0	0	0	0	0	0
Pra88	0	0	0	0	0	0	1	0
Pra89	0	1	0	0	0	0	0	0
Pra90	0	1	0	0	0	0	0	0
Pra91	0	1	0	0	0	0	0	0
Pra92	0	0	0	0	0	0	1	0